0.0
0.0
0.0
0.050586645
0.0781543
0.14038716
0.0
0.051207844
0.06307657
0.07454703
0.0
0.0
0.09034056
0.0
0.0
0.0
0.024528485
0.0
0.0
0.0
0.0
0.035012215
0.0
0.0
0.0
0.017947955
0.0
0.08890086
0.0
0.0
0.03216331
0.0
0.0
0.0
0.050638054
0.0
0.0
0.04038529
0.0
0.028957123
0.0
0.0
0.111628585
0.09098093
0.0
0.046568464
0.07999894
0.059399333
0.0
0.0
0.0
0.0
0.052434597
0.0
0.0
0.0
0.07821791
0.105462186
0.0
0.0
0.04035518
0.02899855
0.0
0.086261295
0.0
0.03603377
0.04954349
0.02877478
0.017267376
0.038150776
0.077108674
0.0
0.039690662
0.04672155
0.0
0.049836963
0.070985176
0.0
0.053212628
0.062419068
0.0
0.07215363
0.044953387
0.038923364
0.040545743
0.04846846
0.0
0.027009558
0.037243288
0.042340953
0.0
0.037378136
0.07177148
0.0
0.09127761
0.099654414
0.0
0.0
0.07138853
0.022397999
0.016116112
0.04719043
0.07532691
0.055042263
0.024386214
0.0
0.0
0.0
0.031519588
0.0
0.0
0.0
0.0
0.0
0.0
0.03319606
0.0
0.059023485
0.0
0.0
0.0
0.15986286
0.02561563
0.0
0.0
0.0
0.0
0.0
0.0
0.0
0.0
0.0
0.0
0.0
0.08382081
0.025610602
0.03528443
0.0
0.030619964
0.0
0.05011651
0.07499918
0.0
0.0
0.0
0.0
0.0
0.0
0.0
0.0
0.0
0.0
0.0
0.045183256
0.0
0.046956055
0.0
0.0
0.07134917
0.049968548
0.0
0.0
0.0
0.0
0.0
0.0
0.0
0.0
0.0
0.101761304
0.07297587
0.0
0.0
0.06715739
0.0
0.057206344
0.0
0.0
0.0
0.0
0.0
0.0
0.0
0.0
0.0
0.0
0.035435222
0.0
0.0
0.0
0.051583994
0.0
0.0
0.0
0.0
0.0
0.0
0.0
0.0
0.0
0.0
0.0
0.0
0.0
0.0
0.0
0.0
0.0
0.0
0.0
0.0
0.0
0.13624579
0.0
0.0
0.0
0.0
0.09528428
0.0
0.0
0.0
0.0
0.0
0.0
0.0
0.0
0.0
0.15849029
0.0
0.05255205
0.0
0.0
0.0
0.0
0.0
0.0
0.0
0.0
0.0
0.0
0.0
0.0
0.0
0.0
0.0
0.0
0.0
0.04146719
0.07484235
0.0
0.0
0.0
0.0
0.0
0.0
0.0
0.0
0.028711906
0.0
0.0
0.0
0.0
0.0
0.042236682
0.0
0.0
0.0
0.0
0.0
0.0
0.0
0.0
0.044035684
0.0
0.07133985
0.0
0.06897457
0.058838803
0.037362874
0.074967444
0.032778528
0.0
0.06590616
0.0
0.09553859
0.0
0.0
0.0
0.059459254
0.055047177
0.030043863
0.049269192
0.056061525
0.0
0.0
0.046621382
0.0
0.0
0.0
0.0
0.0
0.043246895
0.0
0.0
0.0
0.07253344
0.0
0.040105198
0.0
0.034920357
0.0
0.0
0.0
0.0
0.0
0.0
0.0475904
0.042476133
0.0
0.014537601
0.0
0.099680014
0.0
0.0
0.0
0.047379974
0.030932609
0.0
0.055065267
0.0
0.0
0.0
0.0
0.0
0.14430755
0.053160556
0.0
0.034424827
0.024404969
0.0
0.02709665
0.035783872
0.04273912
0.08038366
0.079242565
0.026031237
0.080154285
0.03515731
0.0
0.0
0.048905097
0.0
0.0
0.0
0.05298309
0.04664818
0.087682694
0.04258682
0.0
0.0
0.0
0.08879266
0.0
0.034439776
0.0
0.061484803
0.0
0.06222963
0.03408878
0.0
0.05998977
0.054031786
0.037431654
0.0
0.09391302
0.0
0.0
0.0
0.055391584
0.0
0.0
0.12779751
0.049346052
0.0
0.050573763
0.044567794
0.0
0.042273104
0.07851846
0.038212147
0.04572623
0.0348327
0.09275542
0.0
0.045053426
0.08755138
0.055241734
0.016398197
0.077001065
0.053410914
0.0
0.043211758
0.0
0.0
0.0
0.08599678
0.0
0.040944852
0.0
0.0
0.0
0.029904988
0.0
0.0
0.07841131
0.046054132
0.07607071
0.0
0.071063966
0.0
0.0
0.024642186
0.06534481
0.0
0.0
0.032033134
0.0
0.060912255
0.0
0.06918975
0.04218503
0.043891996
0.0
0.039765924
0.028251236
0.042831082
0.034821212
0.04731779
0.09785727
0.04010955
0.039823502
0.073378116
0.034810312
0.10290837
0.11062956
0.0
0.051338036
0.0147127835
0.045905318
0.0
0.0
0.0
0.10216415
0.05819618
0.03874936
0.024351602
0.079426095
0.0
0.062882535
0.04088647
0.09855569
0.028045585
0.0
0.06389048
0.06813116
0.0
0.034245107
0.037216958
0.02766341
0.035571117
0.06217095
0.030603299
0.0
0.049971703
0.0
0.023384541
0.0
0.044810094
0.017054277
0.0
0.033912282
0.05474202
0.0
0.0
0.046479598
0.032236908
0.030049123
0.036758445
0.07236727
0.10509776
0.078471065
0.08559737
0.050579745
0.0
0.017725354
0.0
0.040571522
0.03241928
0.06865777
0.0
0.036885493
0.0
0.0
0.042891927
0.04191326
0.055019934
0.07580483
0.0
0.0
0.0
0.052747563
0.0
0.034627378
0.03720409
0.0
0.04414915
0.0
0.08011592
0.038187295
0.0
0.07973047
0.08257639
0.0
0.0
0.0
0.0
0.07618757
0.039988194
0.057770412
0.05067868
0.04264895
0.03449937
0.07007246
0.024373746
0.038946472
0.0
0.05455947
0.0
0.0
0.0
0.0
0.0
0.0
0.0
0.0
0.0
0.08539755
0.0
0.04371383
0.036821898
0.0
0.054024946
0.03790065
0.037835058
0.0
0.0
0.0
0.0
0.0
0.0
0.0
0.0
0.108135566
0.046264514
0.0
0.033783816
0.031741146
0.040398337
0.08257269
0.06071566
0.0
0.0
0.0
0.0
0.0
0.0
0.0
0.0
0.080410786
0.029790934
0.065853655
0.036544453
0.0
0.0
0.0
0.044793285
0.0
0.0
0.0
0.0
0.0
0.0
0.0
0.0
0.0841525
0.08792061
0.0
0.08655834
0.0
0.14042693
0.035921812
0.04147046
0.0
0.0
0.0
0.0
0.0
0.09273803
0.0
0.0
0.0
0.0
0.0
0.0
0.0
0.0
0.0
0.0
0.0
0.0
0.044932745
0.0
0.0
0.0
0.034328204
0.03724339
0.0
0.0
0.0
0.0
0.0
0.0
0.0
0.0
0.0
0.0
0.0
0.0
0.097278826
0.12960044
0.021968639
0.033638056
0.03205321
0.0
0.695261
0.0
0.0
0.1415336
0.0
0.0
0.0
0.0
0.08597824
0.0
0.1020746
0.0
0.0
0.0
0.030065823
0.0
0.0
0.0
0.0
0.0
0.0
0.0
0.0
0.0
0.031231783
0.0
0.029750485
0.08709734
0.07009702
0.0444174
0.0
0.0
0.0
0.0
0.0
0.0
0.0
0.0
0.0
0.0
0.0
0.0
0.030130863
0.041511096
0.0
0.037629876
0.04405605
0.027992474
0.0
0.13070017
0.0
0.03269924
0.18366174
0.0
0.0
0.0
0.0
0.0
0.03460465
0.0
0.0
0.10306604
0.06998778
0.030468576
0.0
0.054420754
0.0
0.0
0.042949937
0.05804681
0.0
0.032425106
0.0
0.016645398
0.044147696
0.0
0.045321323
0.026781613
0.031888053
0.0
0.0
0.0
0.0
0.07733595
0.06503598
0.0
0.0
0.0
0.039617512
0.026077397
0.043944996
0.030012568
0.051137123
0.0517932
0.031922143
0.023765521
0.0
0.067638285
0.0
0.06278175
0.043376483
0.0
0.0
0.05668236
0.032472067
0.059908833
0.060430147
0.0
0.0
0.057021543
0.057169676
0.0
0.07464088
0.0
0.033306245
0.07445425
0.02718797
0.0
0.039207574
0.0
0.0
0.04442587
0.08591849
0.029503925
0.034902576
0.069510676
0.050164893
0.033101
0.048081882
0.0
0.048272327
0.061678745
0.026666885
0.043068193
0.06740681
0.05379298
0.058850065
0.0
0.07411464
0.0953492
0.0
0.055626504
0.035401944
0.075436905
0.04980869
0.057481624
0.03922608
0.0
0.024866303
0.084586054
0.0
0.12074782
0.116535716
0.0
0.12482322
0.04117035
0.06818781
0.08406423
0.0
0.039681002
0.0
0.076292634
0.05008248
0.052321523
0.08253229
0.042139772
0.0
0.04199415
0.0808722
0.041553196
0.0
0.0
0.06596431
0.0
0.018390713
0.06187729
0.0
0.10917985
0.0
0.0
0.062288173
0.0
0.0
0.0
0.0
0.0
0.0
0.0
0.0
0.0
0.0
0.0
0.0
0.076415
0.0
0.0
0.0
0.0
0.027948877
0.0
0.0
0.0
0.0
0.04526874
0.0
0.0
0.0
0.0
0.03847143
0.0
0.11983848
0.0
0.0
0.022029942
0.064474724
0.0
0.037068058
0.0
0.060301278
0.052404188
0.0
0.03846189
0.0
0.0
0.07228529
0.0
0.0
0.0
0.05450819
0.0
0.0
0.0
0.0
0.0
0.0
0.035864513
0.0
0.0
0.0
0.031068724
0.0
0.0
0.04488928
0.0
0.09660763
0.0
0.0
0.0
0.0
0.0
0.0
0.0
0.0
0.0
0.0
0.052711077
0.0
0.0
0.0
0.03007516
0.0
0.0
0.0
0.0
0.0
0.0
0.056258887
0.0
0.0
0.0
0.0
0.04234631
0.0
0.045959853
0.0
0.0
0.0
0.0
0.06660939
0.046999983
0.035620645
0.0
0.040207885
0.0
0.0
0.0
0.0
0.0
0.0370633
0.0
0.0
0.07363833
0.0
0.0
0.029470127
0.0
0.0
0.022379674
0.0
0.0
0.024305027
0.092124104
0.0
0.0
0.04255568
0.0
0.0
0.0
0.0
0.06408125
0.0
0.063422345
0.043881908
0.03705191
0.0
0.077538215
0.0
0.0
0.09206448
0.0
0.0
0.0
0.0
0.0
0.0
0.0
0.0
0.0
0.0
0.0
0.0
0.0
0.07874606
0.0
0.0
0.0
0.0
0.0
0.0
0.0
0.0
0.0
0.0
0.0
0.0
0.11775057
0.0
0.0
0.0
0.0
0.0
0.0
0.0
0.0
0.0
0.0
0.0
0.0
0.0
0.019273665
0.0
0.0
0.0
0.0
0.0
0.0
0.0
0.0
0.0
0.0
0.0
0.0
0.0
0.0
0.024564536
0.0
0.0
0.0
0.0
0.0
0.0
0.0
0.0
0.0
0.0
0.0
0.0
0.0
0.0
0.0
0.0
0.0
0.0
0.0
0.0
0.0
0.0
0.0
0.0
0.0
0.0
0.0
0.03476513
0.0
0.0
0.0
0.0
0.0
0.0
0.0
0.0
0.0
0.0
0.0
0.0
0.075730726
0.0
0.11193951
0.081682354
0.0
0.07370712
0.0
0.0
0.0
0.0
0.0
0.0
0.0
0.0
0.0
0.0
0.0
0.040768698
0.036620185
0.073056094
0.13667412
0.0
0.0
0.0
0.0
0.0
0.0
0.0
0.0
0.0
0.0
0.0
0.0
0.0
0.0
0.0
0.040264007
0.0
0.0
0.0
0.0
0.0
0.0
0.0
0.0
0.0
0.0
0.0
0.06780605
0.035838816
0.0
0.041771214
0.0
0.0
0.0
0.0
0.0
0.0
0.08320226
0.0
0.045206573
0.026433453
0.0
0.0
0.0
0.0
0.0
0.04044499
0.0
0.10281215
0.030807614
0.034745388
0.0
0.0
0.029423099
0.0
0.0
0.0
0.0
0.0
0.0
0.0
0.0
0.0
0.0
0.0
0.044426005
0.026600285
0.0
0.025069077
0.049755033
0.033981
0.0
0.047880244
0.0
0.05409438
0.042892527
0.028325016
0.057017986
0.029094752
0.0
0.0
0.0
0.0
0.0
0.043101925
0.0
0.043179575
0.0
0.0
0.0
0.063021846
0.0
0.06986277
0.0
0.0
0.0
0.0
0.0
0.0
0.0
0.057530697
0.0
0.0
0.0
0.0
0.024895472
0.0
0.0
0.090826415
0.0
0.05687937
0.04117023
0.0
0.054719895
0.053237487
0.0
0.0
0.0
0.0
0.0
0.0
0.0
0.0
0.0
0.04495624
0.034746386
0.04971425
0.0
0.0
0.059545115
0.0
0.0
0.0
0.0
0.0
0.020171203
0.0
0.07912396
0.025965909
0.0
0.0
0.036219247
0.0
0.0
0.0
0.07194783
0.0
0.0
0.0
0.03264324
0.0
0.0
0.06985377
0.099846356
0.0
0.0
0.062029853
0.017618211
0.0
0.048022017
0.09231537
0.0
0.0
0.0
0.0
0.07038468
0.0
0.0
0.04746338
0.0643305
0.0
0.0
0.0
0.0
0.0
0.0
0.0
0.0
0.0
0.0
0.0
0.10871196
0.0
0.0
0.07023712
0.0732941
0.0
0.0
0.0
0.06069321
0.0
0.0
0.0
0.0
0.0
0.0
0.10803304
0.0
0.0
0.066162385
0.036219098
0.05540793
0.0
0.057236634
0.024945969
0.10728511
0.0
0.0
0.0
0.0
0.042846385
0.0
0.0
0.0
0.0
0.0
0.0
0.0
0.0
0.0
0.019513294
0.0
0.0
0.08371142
0.018499358
0.0
0.0
0.069127396
0.0
0.0
0.0
0.0
0.034169443
0.054140165
0.0
0.0
0.08468386
0.0
0.0
0.14272267
0.099536955
0.05748529
0.05324324
0.0
0.0
0.07063864
0.0
0.050448492
0.0
0.06587197
0.0
0.0
0.08453935
0.029771764
0.0
0.06310352
0.0
0.0
0.0
0.0
0.17183894
0.0
0.0
0.0
0.0
0.06376721
0.0
0.09027234
0.04502674
0.0
0.0
0.0
0.0
0.0983517
0.0
0.0
0.038617674
0.12566647
0.0
0.0
0.1079852
0.041208245
0.058676165
0.0
0.071985185
0.11967344
0.0
0.0
0.024434809
0.0
0.061805606
0.0
0.04892676
0.0
0.041472133
0.0
0.13522574
0.086703554
0.03718239
0.06408537
0.0
0.0
0.0
0.0
0.0
0.06693737
0.0
0.0
0.0
0.022330461
0.0
0.0
0.0
0.0
0.116280936
0.0
0.0
0.0
0.08133004
0.0
0.0
0.12475164
0.0
0.0
0.05217966
0.0
0.0
0.0
0.039415993
0.0
0.0
0.0
0.0
0.0
0.0
0.02170664
0.03879866
0.06167258
0.0
0.07815499
0.0
0.11371347
0.20907623
0.04887584
0.0
0.13414158
0.0
0.0
0.0
0.05768089
0.0
0.0
0.049347233
0.0
0.0
0.0
0.04512541
0.0
0.030639887
0.04421667
0.0
0.059739854
0.046811618
0.0
0.04768276
0.0
0.06818785
0.06826322
0.0
0.0
0.0
0.0
0.0
0.0
0.038773045
0.0
0.0
0.0
0.080749914
0.051972847
0.115814365
0.0
0.0
0.0
0.0
0.0
0.0
0.0
0.07102058
0.040135607
0.044882093
0.044568066
0.025373507
0.0
0.0
0.0
0.0
0.0
0.0
0.0
0.0
0.0
0.0
0.06472281
0.0
0.0
0.03774365
0.068914816
0.0
0.0
0.058422133
0.0
0.034522794
0.0
0.03620254
0.039897766
0.0
0.0
0.0
0.03350859
0.0
0.0
0.0
0.0
0.050724138
0.0
0.09125474
0.048934825
0.1331338
0.0
0.0
0.06643456
0.0
0.057259336
0.03302243
0.0
0.0
0.07590053
0.0
0.14518967
0.08447884
0.038547702
0.0
0.082879506
0.04795201
0.0
0.049675204
0.0
0.03760548
0.06792378
0.056814887
0.0
0.0
0.0
0.0
0.092744194
0.0
0.0
0.0
0.0
0.0
0.0
0.0
0.0
0.0
0.0
0.0
0.044503797
0.0
0.04194634
0.0
0.0
0.052175775
0.14895351
0.0
0.0
0.0
0.0
0.08393646
0.0
0.0
0.0
0.0
0.10403625
0.0
0.05363353
0.0
0.0
0.0
0.03319226
0.06268161
0.040571146
0.0
0.0
0.0
0.03956273
0.0
0.0
0.0
0.0
0.0
0.0
0.0
0.044486593
0.098569974
0.051590215
0.07433013
0.0
0.0
0.0
0.0
0.0
0.0
0.0
0.0
0.0633129
0.0
0.046454255
0.0
0.07140715
0.0
0.048883975
0.0
0.10035065
0.0
0.027847737
0.0
0.0
0.0
0.063910805
0.14075267
0.0
0.09319644
0.0
0.10072081
0.046685494
0.0
0.037808165
0.0
0.034841727
0.042405568
0.0400469
0.08022556
0.0
0.067900784
0.07855692
0.0
0.0
0.05576595
0.12588541
0.070136055
0.0
0.0
0.060693376
0.0
0.0
0.0
0.0
0.0
0.0
0.061366603
0.0
0.0
0.0
0.0
0.027111925
0.06131137
0.0
0.19472195
0.0
0.0
0.0
0.0
0.0
0.0
0.0
0.0
0.042050883
0.0
0.060638234
0.036024105
0.0
0.0
0.0
0.0
0.0
0.0
0.10513859
0.0
0.0
0.0
0.0
0.06488936
0.0
0.057353664
0.0
0.0
0.0
0.043023374
0.0
0.03649688
0.0
0.0
0.0
0.04867679
0.049264092
0.0
0.0
0.0
0.0
0.0
0.0
0.0
0.04614944
0.0
0.0
0.0
0.0
0.075253524
0.0
0.013524898
0.0
0.060609944
0.033233386
0.047352962
0.054099623
0.0
0.032103136
0.0
0.0
0.0
0.033910938
0.051030934
0.079195715
0.057958312
0.0
0.0
0.12256012
0.06486939
0.0
0.0
0.12052832
0.0721855
0.0
0.048085753
0.0
0.0
0.0
0.0
0.117045924
0.0
0.03822544
0.036083717
0.03274104
0.029577734
0.105152726
0.0
0.0
0.056821324
0.0
0.06049988
0.0
0.0
0.028966721
0.076003276
0.037964307
0.05327944
0.0
0.03256598
0.032356784
0.051050715
0.0
0.0
0.0
0.06296896
0.04972695
0.0
0.032221247
0.048021857
0.04144692
0.0
0.09573758
0.05874041
0.0
0.033470348
0.034692846
0.0
0.10155347
0.0
0.0
0.0
0.032849476
0.038398024
0.039556224
0.0
0.031733148
0.0807492
0.0
0.064477
0.051268913
0.042256214
0.0
0.055995204
0.0
0.0
0.06941798
0.04625142
0.038412407
0.053874783
0.026481343
0.03682515
0.042403303
0.0
0.061306037
0.06523475
0.0
0.0
0.054880217
0.0
0.0
0.029994654
0.10154194
0.0
0.0
0.038904425
0.02862311
0.043119717
0.0
0.0
0.0
0.0
0.078383416
0.0
0.05813022
0.0
0.036671
0.0
0.0
0.03974715
0.0
0.03767059
0.065884806
0.064685225
0.061900996
0.0
0.0
0.14108638
0.06745328
0.0
0.14175262
0.0
0.09322707
0.0
0.0
0.0
0.030250862
0.0
0.0
0.0
0.0
0.09954432
0.0
0.048212536
0.0
0.0
0.0
0.061018694
0.02190717
0.0
0.043880876
0.0
0.0
0.045205742
0.05746029
0.0
0.0
0.0
0.0
0.03290874
0.0
0.0
0.0
0.0
0.0
0.0
0.0
0.055516176
0.044941697
0.04980689
0.0
0.07284163
0.0
0.0
0.0
0.0
0.0
0.0
0.03899872
0.026399244
0.0
0.0
0.03371038
0.0
0.0
0.0
0.0
0.06129648
0.030171698
0.044182323
0.032252125
0.0
0.0
0.0
0.0
0.0
0.0
0.0
0.0
0.0
0.0
0.1314308
0.022936715
0.0
0.066533424
0.0
0.039365236
0.0
0.06970171
0.0
0.0
0.0
0.0
0.0
0.0
0.026335124
0.031567197
0.0
0.03855619
0.03397156
0.0
0.04314468
0.0
0.0
0.0
0.0
0.0
0.0
0.024345886
0.0
0.0
0.0
0.0
0.0
0.0
0.0
0.05580415
0.04249676
0.037356105
0.02029734
0.0
0.0
0.0
0.0
0.0
0.14509045
0.0
0.0
0.0
0.09279221
0.0
0.0
0.08016106
0.0
0.0
0.0
0.06184536
0.10307234
0.09819928
0.0
0.0
0.0
0.0
0.037582953
0.0
0.0
0.0
0.0
0.0
0.039023463
0.0
0.054957014
0.06199608
0.0
0.022444041
0.0
0.0
0.0
0.0
0.0
0.024036523
0.0
0.0
0.031886607
0.0
0.0
0.13442113
0.035824187
0.04373996
0.046802904
0.03969943
0.0
0.0
0.0
0.09128593
0.056678895
0.0
0.0
0.0
0.0
0.0
0.0
0.0
0.080502756
0.0
0.04035522
0.0
0.0385252
0.03058961
0.0
0.0
0.0
0.0
0.0
0.0
0.0
0.033225212
0.0
0.0
0.062604874
0.029996287
0.036142983
0.067994215
0.0
0.0
0.036829043
0.0
0.03467789
0.0
0.0
0.0
0.0
0.0
0.04474835
0.037413992
0.0
0.038150266
0.13658734
0.07097844
0.0
0.07552208
0.0
0.03726604
0.0726102
0.0
0.05067684
0.026403148
0.04468799
0.0
0.11148302
0.0
0.0
0.070081234
0.049217373
0.0
0.08355497
0.0
0.089950554
0.0
0.0
0.040719282
0.05912175
0.055627815
0.0
0.06627359
0.0
0.0
0.0403048
0.0
0.052138135
0.0
0.09228778
0.0
0.0
0.0
0.0
0.0
0.019369787
0.0
0.17447253
0.040568497
0.0
0.027351588
0.035676647
0.0
0.07905498
0.0
0.051609673
0.041326277
0.038664293
0.030803386
0.0
0.0
0.02578157
0.0
0.059585165
0.100967854
0.0
0.080980994
0.0
0.017706202
0.047979884
0.0
0.043321826
0.042328287
0.029595366
0.10335174
0.056254208
0.11281846
0.074843325
0.06657631
0.08424412
0.13955434
0.0
0.093081154
0.0
0.0
0.0
0.0
0.047221277
0.050456442
0.026403148
0.026119437
0.049317807
0.034551207
0.0
0.03757261
0.0
0.041601315
0.049483344
0.091421254
0.0
0.057620335
0.0
0.0
0.05543496
0.0
0.0
0.049355045
0.034485918
0.029337008
0.0
0.0
0.06403481
0.0
0.0
0.037347663
0.038457118
0.06353491
0.041204326
0.0
0.029193107
0.023846546
0.07252831
0.0
0.14569612
0.032311697
0.037807472
0.0
0.0
0.036720384
0.060640372
0.0
0.040079076
0.098020375
0.0
0.0
0.11566255
0.0
0.030741025
0.0
0.02309505
0.06269899
0.032393772
0.0
0.033451565
0.029467463
0.0
0.09742564
0.02110176
0.0
0.0
0.057697807
0.033479746
0.033157464
0.118985236
0.05017577
0.0
0.0
0.078494914
0.022536127
0.02217933
0.023650017
0.07256183
0.0
0.0
0.05935045
0.0
0.038072523
0.04536743
0.03378881
0.09617261
0.029716948
0.03993549
0.0
0.045229413
0.17559169
0.1280716
0.023310924
0.04935022
0.05071692
0.0
0.09406125
0.03552658
0.040070795
0.11774907
0.0
0.024467614
0.053529955
0.058305595
0.03706579
0.025235571
0.043412607
0.021676328
0.0
0.043950275
0.029261176
0.0
0.0
0.0
0.0
0.06252975
0.06138224
0.0
0.0
0.056731347
0.0
0.072847314
0.04424812
0.01544272
0.0
0.0
0.04713333
0.0
0.0
0.0
0.0
0.0
0.052812878
0.0339715
0.08034864
0.020094197
0.0
0.05606983
0.0
0.034993753
0.024079222
0.038358677
0.029783394
0.0
0.0
0.0
0.021158574
0.035720088
0.052001752
0.031583067
0.0
0.0
0.10976734
0.0
0.047915902
0.06776349
0.07259425
0.08117455
0.0
0.0
0.085115485
0.12752396
0.0
0.03488412
0.035185866
0.07728432
0.0
0.0
0.021542693
0.0
0.05284628
0.0
0.04737361
0.0
0.024992943
0.07034367
0.0
0.0
0.0
0.04649935
0.047016114
0.0
0.044924542
0.013669588
0.048632987
0.07070803
0.060612034
0.0
0.07644483
0.04733556
0.0
0.040381394
0.035922933
0.041448895
0.031996828
0.0
0.039665956
0.10445883
0.0
0.062033094
0.07136623
0.0
0.0
0.016421426
0.0
0.0
0.040118013
0.0
0.03547581
0.0
0.0
0.027064616
0.0
0.033021733
0.03847903
0.053631596
0.0
0.054721676
0.0
0.0
0.0
0.037471063
0.0
0.0
0.0
0.0
0.0
0.030775266
0.0
0.0
0.0
0.0
0.038557053
0.096869186
0.06497336
0.0
0.037886158
0.10027653
0.0
0.0
0.056059934
0.082758434
0.08269965
0.0
0.0
0.031277943
0.14279886
0.032330986
0.050604288
0.0
0.020988576
0.0
0.0
0.025959803
0.02827948
0.0
0.0
0.0
0.0
0.0
0.0
0.075593434
0.050923932
0.0
0.03839534
0.053479064
0.0
0.035339374
0.0
0.0
0.11644904
0.035035577
0.0
0.0
0.049752526
0.061962087
0.068372525
0.0
0.0
0.0
0.0
0.0
0.0
0.019715382
0.075401716
0.03574865
0.0
0.0
0.0
0.018447628
0.036974624
0.0
0.036350593
0.039956782
0.0
0.0
0.0
0.0
0.019403938
0.0
0.039319176
0.03375871
0.0
0.0
0.0
0.0
0.022182548
0.0
0.0
0.0
0.0
0.0
0.013361295
0.0
0.0
0.0
0.044473834
0.08920478
0.03739062
0.0
0.022187047
0.0
0.0
0.0
0.0
0.0
0.0
0.0
0.0
0.0
0.047393363
0.03442759
0.03946124
0.0
0.0
0.0
0.0
0.0
0.039283898
0.102096446
0.024701996
0.046922363
0.055195697
0.03725914
0.04392118
0.023816418
0.0
0.0
0.0
0.0
0.0
0.0
0.0
0.0
0.0
0.032069705
0.17008826
0.053177133
0.0
0.0
0.04876663
0.037622537
0.04008116
0.0
0.0
0.017730115
0.0
0.0
0.0
0.0
0.0
0.021566756
0.04143249
0.0
0.05361053
0.0
0.0346048
0.020700391
0.0
0.024871677
0.0
0.03635527
0.0
0.0
0.0
0.0
0.0
0.0
0.0
0.03718932
0.0
0.023579754
0.0
0.0
0.0
0.017034981
0.0
0.0
0.0
0.0
0.0
0.0
0.035940237
0.0
0.0
0.022081634
0.024693113
0.06936392
0.0
0.0
0.025508339
0.051894464
0.0
0.0
0.0
0.060760118
0.05891966
0.046686195
0.032841515
0.0
0.048311073
0.09686579
0.0
0.05288429
0.09324212
0.0350588
0.053570516
0.04102948
0.0
0.12257564
0.05067068
0.06242399
0.0
0.041300006
0.061993938
0.0
0.0
0.0
0.045442082
0.12039394
0.048808914
0.034028247
0.01698006
0.0
0.0
0.04016117
0.0
0.050028123
0.0
0.066504255
0.07754483
0.02846416
0.0238411
0.039841346
0.07643895
0.07302327
0.0
0.0
0.026724486
0.0443114
0.02024453
0.07369725
0.0
0.0
0.049543258
0.0
0.08939312
0.043085806
0.033611514
0.074800946
0.0
0.047183994
0.09084899
0.0
0.029260276
0.0
0.0
0.0
0.0
0.021799238
0.033192985
0.0
0.0
0.023229169
0.033786472
0.05994832
0.0
0.061710913
0.023710357
0.0
0.027245585
0.034739904
0.09923451
0.026298013
0.021331558
0.0
0.05829298
0.0
0.02963725
0.03479745
0.050749954
0.019237565
0.033876967
0.041138284
0.053709615
0.026862111
0.054096777
0.0
0.0415018
0.0
0.06754695
0.081404395
0.0
0.0
0.035286315
0.035597272
0.021336664
0.034609795
0.0
0.12427247
0.0
0.01995533
0.08980025
0.04224925
0.03684199
0.0
0.021812595
0.030490149
0.0
0.021339675
0.05839779
0.0
0.029806199
0.0
0.0
0.047220413
0.09082313
0.0
0.0
0.041800227
0.06999951
0.030747779
0.038275547
0.027770694
0.0
0.0
0.044012245
0.07235252
0.08596844
0.017193155
0.0
0.0
0.013908924
0.041226912
0.0
0.0
0.0
0.0
0.0
0.0
0.0
0.0
0.0
0.0
0.0
0.0
0.044555537
0.0
0.0
0.0
0.0
0.0
0.0
0.0
0.0
0.0
0.0
0.0
0.0
0.0
0.0
0.0
0.0
0.0
0.0
0.0
0.0
0.0
0.0
0.0
0.0
0.0
0.09221931
0.0
0.0
0.0
0.0
0.0
0.3210154
0.0
0.0
0.0
0.042838044
0.0
0.0
0.0
0.0
0.0
0.0
0.0
0.07212229
0.0
0.0
0.0
0.0
0.10263775
0.11389427
0.0
0.0
0.0
0.0
0.0
0.0
0.0
0.0
0.0
0.0
0.0
0.0
0.03647517
0.07833451
0.059691556
0.09951453
0.0
0.0
0.0
0.0
0.0
0.0
0.0
0.0
0.0
0.0
0.0
0.0
0.0
0.0
0.0
0.0
0.0414886
0.0
0.0
0.0
0.0
0.0
0.0
0.0
0.0
0.0
0.0
0.0
0.047052983
0.048814982
0.0
0.0
0.048686776
0.0
0.0
0.072821885
0.0
0.0
0.0
0.0
0.0
0.0
0.0
0.0
0.0
0.0
0.04106257
0.0
0.0
0.029767552
0.0
0.0
0.0
0.14389047
0.0
0.0
0.0
0.061984014
0.0
0.0
0.0
0.0
0.0
0.036979992
0.0
0.041916147
0.0
0.06339682
0.04722859
0.024281232
0.0
0.0
0.0
0.0
0.0
0.0
0.032809444
0.0
0.059721127
0.06252616
0.0
0.0
0.044430815
0.0
0.0
0.050220102
0.0
0.0
0.0
0.0
0.05987154
0.0
0.0
0.0
0.0
0.0
0.02177007
0.06467012
0.0
0.08859441
0.06895794
0.08950031
0.0
0.0477933
0.0
0.0
0.0
0.0
0.0
0.0
0.06816563
0.051032692
0.07882633
0.0
0.0
0.05603811
0.0
0.045920372
0.07802836
0.0
0.030667307
0.0
0.0
0.0
0.0
0.0
0.0
0.0
0.0
0.0
0.05546058
0.0
0.090047166
0.0
0.0
0.053066153
0.033
0.030419422
0.0
0.0
0.0
0.05268994
0.0
0.08052672
0.025833901
0.12008079
0.0
0.0
0.0
0.0
0.03896346
0.0
0.018812915
0.0
0.0273776
0.0
0.0
0.06182533
0.0
0.0
0.023821957
0.0
0.03918895
0.02319297
0.06536783
0.05260815
0.0
0.0
0.0
0.0
0.0
0.05416727
0.0
0.0
0.11967436
0.0
0.0
0.0
0.0
0.03415111
0.0
0.030457703
0.039273024
0.0
0.06659132
0.02666706
0.04267533
0.0
0.03874434
0.0
0.04343374
0.07036754
0.047285635
0.0
0.0
0.0
0.0
0.0
0.01823082
0.0
0.0
0.027176814
0.0
0.045728907
0.03665849
0.0
0.0
0.0
0.0
0.0
0.12559952
0.0
0.0
0.0
0.0
0.0
0.0
0.046415284
0.0
0.025858257
0.0
0.0
0.0
0.0
0.0
0.0
0.0
0.050940335
0.0
0.0
0.047322355
0.0
0.058649547
0.12958877
0.0
0.041963775
0.0
0.0
0.03852104
0.0
0.0
0.021271618
0.028142408
0.0
0.03601237
0.0
0.0
0.0
0.0
0.034220405
0.06744577
0.039100703
0.055382255
0.030541502
0.034359757
0.0
0.0
0.04613634
0.0
0.0
0.0
0.0
0.0
0.04325757
0.034831777
0.0
0.020585578
0.09879173
0.0
0.038135055
0.06644448
0.03998295
0.0
0.0
0.0
0.0
0.08216261
0.028985811
0.0
0.0
0.0
0.0
0.10960436
0.0
0.028865935
0.0
0.0
0.0
0.064933985
0.0
0.0
0.059006162
0.06330687
0.051359355
0.035328407
0.0
0.0
0.0
0.0
0.0
0.0
0.0
0.0
0.0
0.0421873
0.017627569
0.1302051
0.04039998
0.04485952
0.0
0.0
0.07877164
0.0
0.035118014
0.0
0.0
0.0
0.0
0.0
0.036443897
0.035019424
0.0
0.0
0.04887286
0.0
0.0
0.0
0.0
0.0
0.0
0.0
0.024359515
0.0
0.0
0.0
0.0
0.18090513
0.0
0.0
0.0
0.061707277
0.0
0.0
0.026672719
0.0
0.0
0.13758108
0.0
0.06561041
0.1074085
0.0
0.0
0.0
0.106216125
0.0
0.0
0.04414509
0.07871002
0.0
0.0
0.0
0.0
0.0
0.061947122
0.0
0.038073815
0.0
0.0
0.0
0.04471928
0.0
0.0
0.0
0.0
0.0
0.0
0.0
0.0
0.0
0.06315145
0.0
0.0
0.0
0.087952726
0.0
0.0
0.059991073
0.06281984
0.0
0.0
0.0
0.0
0.054776445
0.0
0.0
0.0
0.0
0.0
0.0
0.0
0.0
0.0
0.07035527
0.0
0.0
0.0
0.0
0.0
0.0
0.115836315
0.0
0.0
0.0
0.041422382
0.0
0.09939014
0.0
0.033544358
0.053306572
0.0
0.05248932
0.0
0.0
0.055032477
0.0
0.0
0.04324479
0.0
0.0
0.0
0.0
0.1446837
0.09483148
0.0
0.06324897
0.1311073
0.0
0.078130186
0.0
0.072040826
0.0
0.0
0.0
0.0
0.0
0.0
0.0
0.0
0.0
0.0
0.0
0.0
0.0
0.06917596
0.0
0.0
0.0
0.064998746
0.0
0.0
0.0
0.0
0.0
0.0
0.0
0.0
0.0
0.0
0.08033691
0.057315644
0.06772058
0.0271914
0.07258225
0.0
0.0
0.06844249
0.0
0.0
0.0
0.0
0.11576049
0.0
0.052455314
0.073050454
0.0
0.107180364
0.0
0.0
0.14920959
0.0
0.0
0.0
0.0
0.0
0.0
0.0449875
0.0
0.0
0.12293444
0.0
0.0
0.0
0.0
0.057937827
0.0
0.0
0.0
0.0
0.038778253
0.0
0.0
0.0
0.0
0.0
0.0
0.055841308
0.0
0.112108834
0.05797999
0.0
0.0
0.060846183
0.0
0.056294855
0.10747306
0.051609814
0.0
0.0
0.06349633
0.03650194
0.0
0.0
0.07763453
0.0
0.0
0.0
0.0
0.0
0.0
0.0
0.0
0.0
0.0
0.0
0.0
0.0
0.0461296
0.0
0.0
0.062773
0.0
0.09161042
0.0
0.0
0.0
0.0
0.05901657
0.0
0.0
0.079119295
0.0
0.0
0.0
0.0
0.0
0.10878242
0.0
0.0
0.043016247
0.0
0.0
0.03152404
0.0
0.0
0.0
0.0
0.0
0.0
0.056197125
0.0
0.07644054
0.0
0.0
0.0
0.0
0.0
0.0
0.0
0.0
0.0
0.0
0.0
0.0
0.035802167
0.0
0.08205568
0.0
0.0
0.07352375
0.0
0.0
0.0
0.08136056
0.0
0.0
0.0
0.0
0.0
0.0
0.0
0.0
0.073531665
0.0
0.07387991
0.0
0.0
0.09579882
0.0
0.0
0.0
0.047580738
0.044876657
0.03746913
0.05087749
0.0
0.0
0.026989467
0.0
0.0
0.0
0.0
0.0
0.034217324
0.051343217
0.06672951
0.0
0.0
0.08252338
0.0
0.0
0.05849629
0.0
0.0
0.0
0.0
0.07005374
0.0
0.0
0.0
0.0
0.03631882
0.0
0.0
0.0
0.0
0.15734047
0.0
0.0
0.0
0.0
0.0
0.0
0.0
0.0
0.0
0.0
0.0
0.0
0.0
0.0
0.0
0.0
0.0
0.0
0.0
0.0
0.05670917
0.0
0.0
0.0
0.0
0.0
0.0
0.055345926
0.0
0.0
0.0
0.023552436
0.064161085
0.0
0.0
0.0
0.05560063
0.0
0.0
0.0
0.0
0.0
0.0
0.0
0.0
0.0
0.039199878
0.0
0.0
0.0
0.0
0.0
0.0
0.0
0.098701306
0.0
0.04250717
0.0
0.0
0.0
0.0
0.0
0.060594946
0.0
0.036272936
0.0
0.0
0.0
0.0
0.052567966
0.0
0.0
0.0
0.0
0.0
0.0
0.0
0.0
0.037489828
0.0
0.0
0.0
0.0
0.0
0.028966488
0.0
0.0
0.0
0.0
0.0
0.03241355
0.040891066
0.0
0.060395457
0.0
0.0
0.0
0.0
0.0
0.0
0.0
0.036977813
0.0
0.05404336
0.0
0.0
0.0
0.09913602
0.0
0.0
0.0
0.0
0.0
0.0
0.0
0.0
0.0
0.0
0.0
0.0
0.0
0.047558416
0.022057332
0.0
0.0
0.0
0.0
0.0
0.0
0.0
0.0
0.0
0.080680914
0.10981965
0.0
0.0
0.0
0.0
0.043113872
0.0
0.0
0.0
0.0
0.0
0.14877588
0.0
0.0
0.095301576
0.020960527
0.0
0.0
0.03705056
0.049580503
0.0
0.0
0.0
0.0
0.0
0.0
0.0
0.0
0.0
0.022449676
0.0
0.0
0.0
0.0
0.0
0.0
0.0
0.0329546
0.0
0.0
0.0
0.07560302
0.03941291
0.0
0.0
0.0
0.10100927
0.0
0.0
0.0
0.0
0.0
0.11874166
0.0
0.0
0.0
0.06778511
0.018999211
0.0
0.15811738
0.0
0.0
0.087991685
0.06236803
0.05045689
0.0
0.0
0.0
0.0
0.038753368
0.0
0.023940137
0.0
0.0
0.0
0.0
0.0
0.0
0.0
0.0
0.0
0.0
0.07971003
0.0
0.0
0.0
0.0
0.0
0.0
0.0
0.10183028
0.0
0.0
0.0
0.04521377
0.0
0.0
0.0
0.0
0.0
0.035398673
0.0
0.07106619
0.0
0.03339375
0.0
0.10938756
0.034597125
0.090861864
0.0
0.0
0.0
0.0
0.0
0.07741073
0.0
0.0337384
0.053930182
0.0
0.05729634
0.0
0.0
0.0
0.0
0.0
0.0
0.045298114
0.0
0.05396058
0.0
0.0
0.037440218
0.0
0.0
0.0
0.026669344
0.0
0.08601655
0.0
0.0
0.0
0.0
0.037107427
0.0
0.0
0.018956464
0.0
0.0
0.0
0.0
0.030956985
0.0
0.0876216
0.0
0.0
0.04189469
0.0
0.04516859
0.0
0.08230857
0.0
0.0
0.0
0.047749437
0.04080379
0.05661675
0.0
0.0
0.0
0.0
0.0
0.0
0.07934453
0.0
0.0
0.0
0.0
0.0
0.16199084
0.0
0.0
0.0
0.0
0.017275339
0.06573039
0.029355211
0.050807666
0.042845994
0.05324795
0.0
0.0
0.0
0.0
0.0
0.029911906
0.06548684
0.0
0.0
0.0
0.05676365
0.0
0.0
0.04169222
0.0
0.04431051
0.0
0.09579923
0.0
0.02708337
0.0
0.033361018
0.037468143
0.0
0.0
0.023098707
0.04590208
0.0
0.0
0.0
0.0
0.0
0.038260978
0.0
0.0
0.0
0.14054051
0.06902879
0.0
0.09675014
0.06986002
0.05171396
0.039100945
0.08602497
0.0
0.0
0.0
0.0
0.0
0.0
0.077994585
0.0
0.0
0.07645783
0.0
0.0
0.0
0.0
0.0
0.0
0.0
0.040005468
0.0
0.0
0.0
0.0
0.09932388
0.0
0.0
0.0
0.0
0.0
0.0
0.0
0.03607541
0.037616547
0.0
0.03832869
0.04764581
0.0
0.13690028
0.0
0.0
0.0
0.0
0.0
0.0
0.0
0.0
0.0
0.0
0.0
0.0
0.0
0.0
0.067044936
0.0
0.0
0.033591807
0.0
0.0
0.0
0.0
0.0
0.0
0.0
0.0
0.0
0.0
0.0
0.0
0.0
0.11727689
0.061942853
0.0
0.0
0.055072054
0.0
0.0
0.03176959
0.07849419
0.0
0.048132636
0.0
0.0
0.0
0.0
0.0
0.0
0.0
0.0
0.0
0.0
0.037190083
0.0
0.13124299
0.036324423
0.0
0.07226546
0.0
0.0
0.0
0.039679267
0.0
0.0
0.0
0.0
0.0
0.0
0.0
0.0
0.0
0.0
0.0
0.0
0.037813697
0.06868693
0.0
0.0
0.0
0.0
0.0
0.0
0.0
0.0
0.0
0.0
0.041347113
0.0
0.0
0.0
0.0
0.0
0.0
0.0
0.0
0.0
0.0
0.0
0.0
0.0
0.0
0.0
0.0
0.0
0.0
0.07591807
0.0
0.0
0.0
0.0
0.0
0.0
0.0
0.0
0.0
0.03189194
0.0
0.0
0.0
0.0
0.0
0.0
0.0
0.0
0.0
0.0
0.1291691
0.0
0.0
0.0
0.058182765
0.10960574
0.0
0.0
0.0
0.0
0.0
0.0
0.0
0.060078423
0.0
0.0
0.0
0.0
0.0
0.0
0.0
0.0
0.0
0.0
0.0
0.0
0.0
0.0
0.0
0.0
0.0
0.0
0.0
0.0
0.0
0.0
0.09143434
0.0
0.0
0.03615198
0.0
0.0
0.0
0.0
0.0
0.0
0.0
0.0
0.0
0.0
0.0
0.0
0.0
0.0
0.07687043
0.036093496
0.04222126
0.0
0.079521336
0.0
0.0
0.0
0.0
0.0
0.0
0.0
0.0
0.0
0.0
0.0
0.0
0.122115634
0.0
0.0
0.0
0.0
0.050770953
0.0
0.0
0.0
0.0
0.0
0.0
0.039830692
0.0
0.09241059
0.0
0.0
0.0
0.08667627
0.058937255
0.0
0.0
0.0
0.03885555
0.0
0.0
0.021460136
0.0
0.060052417
0.06629313
0.0
0.0
0.0
0.03483885
0.036231
0.0
0.045350082
0.0
0.06369833
0.04230869
0.0
0.13210844
0.08288019
0.0
0.0
0.033815306
0.0
0.0
0.043110814
0.07559444
0.0
0.0
0.024824861
0.0
0.0
0.013220385
0.059091177
0.0
0.0
0.0
0.045235544
0.0
0.0
0.0
0.060995758
0.08398155
0.0
0.040566202
0.0
0.0
0.0
0.0
0.0
0.0
0.03498077
0.0
0.0
0.0
0.0
0.027974583
0.0
0.0
0.040709786
0.0571647
0.09557992
0.0
0.0
0.0
0.0
0.0
0.0
0.0
0.048057914
0.06889862
0.0
0.030527998
0.0
0.0
0.0
0.0
0.069414906
0.0
0.0
0.034610536
0.03140185
0.0
0.061816245
0.033944115
0.0
0.038490564
0.0
0.0
0.0
0.0
0.06742947
0.0
0.0
0.0
0.0
0.0
0.0
0.0
0.0
0.0
0.0
0.0
0.0
0.0
0.0
0.0
0.0
0.026879929
0.0
0.0
0.08658511
0.0
0.0
0.048886735
0.0
0.0
0.0
0.0
0.0
0.0
0.028370315
0.0
0.05710682
0.0
0.0
0.0809128
0.037755307
0.05997786
0.0
0.0
0.0
0.0
0.0
0.058558233
0.0
0.032858178
0.0
0.0
0.041270528
0.08019644
0.0
0.0
0.0
0.0
0.0
0.0
0.0
0.0
0.0
0.0
0.0
0.09654905
0.0
0.0
0.038053397
0.0
0.05679182
0.10821822
0.0
0.0
0.0
0.0
0.0
0.033649724
0.0
0.09550787
0.079696976
0.0
0.0
0.0
0.054392185
0.0
0.0
0.0
0.0
0.0
0.0
0.0
0.054843023
0.0
0.0
0.0
0.02743047
0.0
0.0
0.063435726
0.0
0.047530275
0.0
0.07840841
0.03294104
0.0
0.058210567
0.0
0.0
0.0
0.0
0.0
0.0
0.0
0.0
0.0
0.047634218
0.028949391
0.0
0.0
0.0
0.0
0.0
0.048555966
0.05187426
0.0
0.0
0.0
0.0
0.0
0.0
0.0
0.0
0.0
0.03470118
0.0
0.0
0.0
0.027906906
0.030852702
0.0
0.02414353
0.030062739
0.0
0.025567645
0.0
0.0
0.0
0.0
0.0
0.0
0.0
0.06701155
0.0
0.026045375
0.0
0.0
0.0
0.0
0.025792575
0.07438109
0.0
0.0
0.0
0.04628772
0.0
0.0
0.08629032
0.0
0.050340757
0.0
0.0
0.0
0.0
0.0
0.060167223
0.0
0.0
0.0
0.0
0.030672338
0.0
0.0
0.0
0.0
0.03187534
0.0
0.0
0.0
0.0
0.07738727
0.0
0.024255916
0.0
0.0
0.0
0.0
0.037552256
0.05431197
0.0
0.0
0.11912823
0.0
0.057176307
0.0
0.0
0.0
0.0
0.0
0.0
0.0
0.05264778
0.027057663
0.0
0.03428394
0.0940296
0.061208718
0.0
0.0
0.0
0.0
0.0
0.0
0.0
0.0
0.0
0.034438115
0.0
0.0
0.0
0.0
0.047084272
0.0
0.0
0.0
0.0
0.0
0.0
0.0
0.0
0.0
0.0
0.0
0.114542484
0.06660436
0.09721708
0.0
0.050509367
0.083572365
0.034270026
0.0
0.0
0.0
0.0
0.0
0.0
0.0
0.0
0.07170829
0.0
0.1321604
0.073458664
0.0
0.0
0.0
0.075026855
0.0
0.0
0.08175703
0.0
0.0
0.0
0.0
0.0
0.0
0.0
0.03124306
0.0
0.0
0.0
0.017525213
0.0
0.08890579
0.050713066
0.0
0.0
0.0
0.0
0.0
0.05094916
0.0
0.029593127
0.049534716
0.0
0.0
0.11566121
0.05763504
0.019450326
0.0
0.05113057
0.0
0.0
0.0
0.0
0.0
0.0632895
0.0
0.0
0.043088783
0.0
0.046868756
0.0
0.025378957
0.0
0.06028101
0.0
0.09084541
0.04146446
0.0
0.0
0.0
0.0
0.0
0.045114044
0.03137547
0.039437216
0.039459
0.0
0.0
0.049637254
0.0
0.030676847
0.0
0.0
0.0335866
0.0
0.042580865
0.026201596
0.041313503
0.0
0.0
0.0
0.0
0.023449257
0.0
0.0
0.0
0.014749235
0.0
0.0
0.0
0.0
0.0
0.0
0.0
0.0
0.0
0.03792027
0.0269326
0.024388064
0.08056366
0.0
0.104732566
0.07954963
0.0
0.0
0.0
0.0
0.0
0.0
0.0
0.08930253
0.0
0.04161197
0.0
0.0
0.0775524
0.0
0.0
0.052173257
0.06467479
0.04969737
0.0
0.0
0.100415826
0.061414786
0.0
0.0
0.0
0.025383623
0.0
0.0
0.05361044
0.046739936
0.0
0.0
0.0
0.05432136
0.0
0.0
0.0
0.0
0.032728095
0.0
0.0
0.055794694
0.0
0.0
0.0
0.0
0.0
0.0
0.0
0.0
0.0
0.0
0.0
0.0
0.0
0.0
0.0
0.0
0.0
0.0
0.0
0.0
0.0
0.0
0.0
0.0
0.0
0.0
0.0
0.0
0.0
0.0
0.0
0.0
0.0
0.06999317
0.0
0.0
0.0
0.0
0.0
0.0
0.0
0.0
0.0
0.0
0.0
0.029627739
0.0
0.0
0.0
0.0
0.0
0.0
0.0
0.07515722
0.0
0.0
0.0
0.042818476
0.06289725
0.062384255
0.069420755
0.045655712
0.029173143
0.0
0.0
0.0
0.0
0.0
0.0
0.0
0.0
0.0
0.0
0.0
0.040293973
0.0
0.092757635
0.0
0.0
0.0
0.0
0.0
0.0
0.0
0.0
0.0
0.0
0.0
0.0
0.0
0.061907385
0.08587127
0.0
0.047840178
0.08662295
0.0
0.0
0.0
0.0
0.0
0.0
0.0
0.0351791
0.038547218
0.0
0.0
0.02616606
0.063716754
0.03605686
0.0
0.085815154
0.0
0.0
0.0
0.0
0.0
0.0
0.0
0.0
0.027840737
0.10300935
0.0
0.0
0.032543622
0.07045297
0.0
0.036849145
0.0
0.0
0.0
0.0
0.043234278
0.04651277
0.053803455
0.0
0.0
0.089396015
0.03846857
0.0
0.0
0.02899977
0.06706291
0.0
0.0
0.027201332
0.03504908
0.058199417
0.049424343
0.0
0.0
0.0
0.0
0.036388777
0.0
0.0
0.0
0.0
0.06963129
0.0
0.121487916
0.046303637
0.08280329
0.0
0.092734754
0.0
0.09812263
0.0
0.0
0.04286082
0.036010783
0.09423603
0.04337294
0.06731862
0.05356059
0.030134484
0.09352335
0.0
0.09419389
0.0
0.0
0.0
0.035594977
0.0
0.08268561
0.0
0.095540434
0.10032813
0.0
0.0
0.0
0.0
0.0
0.0
0.12637644
0.0
0.04735087
0.03428053
0.04486246
0.0
0.11091505
0.0
0.05756645
0.0
0.023190215
0.06610639
0.058605056
0.04154671
0.06572593
0.09364931
0.0
0.05839991
0.037907228
0.08296018
0.0
0.0
0.033645116
0.049874604
0.038500223
0.043578926
0.03213693
0.044301648
0.06681305
0.045114696
0.10084238
0.0
0.0
0.027924957
0.0
0.061644148
0.03470692
0.040233344
0.0
0.0977636
0.062157094
0.13090089
0.0
0.0
0.06317069
0.058739617
0.111236006
0.0
0.042474765
0.049756255
0.0
0.04985427
0.0
0.0
0.04848397
0.05418283
0.031341113
0.2276882
0.0
0.10726866
0.047928456
0.037300486
0.0
0.0
0.061051752
0.11765224
0.0
0.0
0.054455087
0.0
0.0
0.06946707
0.0
0.021803064
0.0
0.034489453
0.037666216
0.061774578
0.042352665
0.0
0.0
0.04655055
0.0
0.0
0.01739953
0.0
0.0
0.04441485
0.16573347
0.06798173
0.0829408
0.0
0.0
0.04280473
0.030064866
0.038955413
0.06990308
0.0
0.0
0.029863764
0.0
0.09776221
0.022023944
0.02253765
0.061494112
0.052437596
0.04033752
0.057250448
0.0
0.019986605
0.07562909
0.026263466
0.026250847
0.034234356
0.08033724
0.022352422
0.0
0.0
0.059182305
0.0
0.07579969
0.023002356
0.0120196445
0.0
0.034106795
0.03845738
0.036082286
0.031613108
0.02199697
0.12444628
0.0
0.024492547
0.0
0.03127256
0.041279852
0.0
0.09309726
0.052327458
0.0427651
0.0
0.053125102
0.047313325
0.032257706
0.0
0.040359627
0.09566896
0.070162036
0.0
0.08012668
0.12053828
0.14662775
0.0
0.034742698
0.028507741
0.07604686
0.0373532
0.028298588
0.042070407
0.10468165
0.07409147
0.03885624
0.05578178
0.088986985
0.0
0.06501866
0.027095327
0.020183701
0.042425115
0.079291955
0.101581804
0.10119127
0.06293312
0.0
0.0
0.0
0.09647249
0.028290167
0.039376523
0.050137218
0.0
0.020889845
0.035248727
0.060276307
0.033609197
0.03693692
0.03344242
0.046275444
0.027451664
0.032508492
0.0
0.038653884
0.0
0.045479175
0.08286103
0.046133287
0.0
0.0866361
0.046378087
0.056842394
0.027141562
0.0
0.09351793
0.060624603
0.034941502
0.0
0.05495037
0.0
0.04704128
0.045698747
0.0
0.039449163
0.05911637
0.025654769
0.03323391
0.08086221
0.07085585
0.0
0.0
0.09673476
0.0
0.0
0.023898147
0.0
0.0
0.16893658
0.0
0.03568765
0.042434134
0.0
0.0
0.0
0.0
0.0
0.0
0.0
0.0
0.074081555
0.038571257
0.041724883
0.0
0.0
0.032754295
0.0
0.0
0.0
0.038916543
0.023041451
0.05492666
0.050428566
0.047909603
0.0
0.0
0.10603078
0.0
0.0572818
0.0
0.05347215
0.08251569
0.04476963
0.039332144
0.0
0.042487748
0.043122564
0.03699219
0.02774256
0.0
0.083837084
0.070373386
0.1143938
0.043432448
0.14243767
0.0
0.0
0.0
0.0
0.0617675
0.0
0.06711935
0.0
0.04221151
0.09806841
0.06741968
0.10617484
0.0
0.0
0.08755549
0.07873582
0.0
0.11530295
0.0
0.045363788
0.0
0.0
0.065421544
0.0
0.0
0.0
0.0
0.0
0.06545925
0.0
0.09711699
0.046075538
0.07000882
0.0
0.08032111
0.0
0.0
0.0
0.062064763
0.0
0.0
0.059301596
0.0
0.0
0.07542471
0.117848605
0.0
0.0
0.048408143
0.0
0.0
0.0
0.0
0.0
0.048042618
0.0
0.0
0.0
0.0
0.030412633
0.0
0.0
0.0
0.0
0.0
0.083346106
0.0
0.0
0.0
0.0
0.0
0.0
0.03295463
0.0
0.0
0.0
0.11630742
0.09004957
0.0
0.0
0.050559614
0.05105125
0.0
0.0
0.0
0.0
0.0
0.0
0.055217743
0.0
0.07231451
0.0
0.0
0.036463596
0.041265175
0.0
0.0
0.0
0.0
0.0
0.0
0.05559276
0.0
0.04223815
0.0
0.034422595
0.0
0.0
0.0
0.0
0.0
0.0
0.0
0.0
0.0
0.0
0.0
0.0
0.026620563
0.050168786
0.0
0.0
0.0
0.0
0.0
0.0
0.0
0.0
0.0
0.045546427
0.0
0.0
0.0
0.0
0.10010934
0.0
0.0
0.0
0.0
0.0
0.0
0.0
0.0
0.0
0.057461224
0.105889276
0.13728182
0.0
0.0
0.0
0.0
0.0
0.0
0.0
0.0
0.0
0.0
0.0
0.0
0.0
0.06011468
0.0
0.0
0.0
0.11701445
0.0
0.0
0.0
0.0
0.0
0.0
0.0
0.0
0.0
0.0
0.04519655
0.0
0.08532211
0.0
0.0
0.0
0.0
0.0
0.0
0.0
0.0
0.0
0.0
0.0
0.09765693
0.059372626
0.057172213
0.0
0.0
0.0
0.057014506
0.0
0.0
0.0
0.0
0.0
0.06458037
0.09023106
0.06080337
0.0
0.058576427
0.0
0.0
0.09179796
0.0
0.02609931
0.0
0.0
0.0
0.0
0.0
0.0
0.052000675
0.0
0.0
0.0462915
0.0
0.0
0.0
0.0
0.0
0.0
0.0
0.0
0.061016817
0.0
0.0
0.0
0.0
0.0
0.0
0.0
0.0
0.0
0.0
0.049521305
0.0
0.0
0.0
0.0
0.0
0.0
0.02806396
0.03462082
0.0
0.0
0.052844014
0.07910902
0.0
0.054598045
0.0
0.0
0.0
0.061993137
0.0
0.0
0.0
0.05693256
0.06935279
0.042666122
0.0
0.0
0.0
0.0
0.0
0.0
0.0784829
0.071384616
0.14200145
0.0
0.037219673
0.030234676
0.02319239
0.0
0.068508565
0.0857858
0.056211624
0.0
0.122418314
0.05118696
0.06044519
0.035360403
0.0
0.0
0.06617234
0.0
0.0
0.0
0.0
0.031588394
0.0
0.1210808
0.1073101
0.0
0.03377528
0.052043118
0.037625946
0.0
0.0
0.04579849
0.048272133
0.056013376
0.0
0.050637145
0.06093167
0.0
0.0
0.092029214
0.039549023
0.055080097
0.07320232
0.0
0.0
0.05130997
0.0
0.0
0.0
0.0
0.0
0.0
0.0
0.0
0.0
0.0
0.057742283
0.06462442
0.0
0.04854716
0.0
0.0
0.069519304
0.0
0.0
0.0
0.0
0.19615021
0.045547448
0.11721146
0.0
0.0
0.0
0.0
0.0
0.067935556
0.04608908
0.0
0.07646488
0.14559707
0.0
0.029030997
0.0
0.0
0.0
0.0
0.0
0.0
0.0
0.0
0.043111283
0.0
0.0
0.0
0.0
0.0
0.0
0.0
0.0
0.0
0.0
0.0
0.0
0.0
0.0
0.0
0.043330133
0.0
0.0
0.0
0.0
0.0
0.0
0.0
0.0
0.0
0.0
0.0
0.0
0.0
0.0
0.0
0.0
0.0
0.0
0.0
0.0
0.0
0.0
0.0
0.0
0.054999188
0.0
0.0
0.0
0.0
0.0
0.0
0.25307524
0.0
0.0
0.0
0.1081561
0.0
0.06733702
0.0
0.0
0.0
0.0
0.0
0.0
0.0
0.0
0.0
0.0
0.0
0.04693717
0.0
0.0297087
0.047543295
0.0
0.0
0.0
0.06231744
0.0
0.0
0.0
0.0
0.0
0.0
0.0
0.077657685
0.04155437
0.05355061
0.09211186
0.03230466
0.0
0.0
0.0
0.0805381
0.048736352
0.0
0.0
0.0
0.0
0.0
0.0
0.0
0.0
0.0
0.0
0.0
0.0
0.0
0.14639431
0.0
0.034734625
0.117226966
0.0
0.0
0.0
0.0
0.0
0.0
0.0
0.0
0.0
0.0
0.0
0.06308864
0.0
0.0
0.0
0.058144774
0.0
0.0
0.0
0.0
0.0
0.0
0.0
0.0
0.0
0.0
0.0
0.04320028
0.0
0.0
0.0
0.0
0.029368255
0.0
0.0
0.0
0.0
0.03256473
0.0
0.0
0.0
0.06007521
0.0377038
0.046863083
0.0
0.06828075
0.092511274
0.0
0.0
0.059881456
0.06811228
0.03345109
0.0
0.065098144
0.0
0.0
0.0
0.067087516
0.0
0.06416328
0.04375409
0.0
0.0
0.0
0.0
0.0
0.040285513
0.0
0.10888197
0.0
0.0
0.046740446
0.093452685
0.04385945
0.0
0.08615367
0.0
0.12255442
0.04986176
0.07365177
0.0
0.0
0.0
0.0
0.0
0.0
0.0
0.0
0.03134964
0.0
0.0
0.0
0.0
0.049881347
0.0
0.0
0.0
0.0
0.0
0.0
0.0
0.0
0.0
0.0
0.0
0.028145889
0.0
0.033263043
0.11231911
0.054492556
0.041945994
0.0
0.0
0.0
0.0
0.101790205
0.054177646
0.0
0.0
0.11508747
0.08841692
0.0
0.0
0.09161487
0.0
0.0
0.0
0.0
0.0
0.0
0.05880185
0.06751148
0.0466955
0.0
0.037057508
0.0
0.0
0.06436884
0.05579862
0.0
0.04812718
0.033617068
0.0
0.045696523
0.0
0.0
0.0
0.05044351
0.0
0.0
0.080516435
0.03149157
0.046822622
0.0
0.0
0.0
0.05014703
0.0
0.0
0.0
0.06401764
0.0
0.032759503
0.0
0.0
0.123202
0.0
0.07623605
0.0
0.0
0.0
0.0
0.0
0.0
0.059835624
0.05575691
0.0
0.0
0.056672614
0.034305423
0.0
0.03371443
0.037913576
0.0
0.072215736
0.0
0.0
0.0
0.06449408
0.0
0.14488947
0.0
0.0
0.0
0.0
0.0
0.072451085
0.0
0.0
0.0
0.0
0.11817613
0.0
0.0
0.0
0.027259542
0.0
0.09531668
0.09507151
0.0
0.0
0.0
0.0
0.05797267
0.0437609
0.044368714
0.0
0.0
0.079444155
0.0
0.0
0.0782557
0.0
0.0
0.0
0.107452646
0.0
0.0
0.056427345
0.0
0.0761423
0.04087591
0.14145471
0.049823865
0.0
0.055418223
0.0
0.0
0.0
0.08662654
0.0
0.012643161
0.0
0.0
0.0
0.11718378
0.07479144
0.047995172
0.05664941
0.0
0.0
0.03307102
0.0
0.0
0.0
0.0
0.0
0.03762162
0.060601436
0.07217579
0.0
0.0
0.0
0.0
0.0
0.0
0.0
0.0
0.0
0.0
0.0
0.0
0.039503843
0.068949856
0.0
0.042026695
0.0
0.058632124
0.0
0.0
0.024466993
0.0
0.0
0.0
0.0
0.0
0.060192835
0.0
0.05432431
0.06608043
0.04529729
0.0
0.040874448
0.03679231
0.05192202
0.0
0.0
0.0
0.0
0.07824128
0.0
0.0
0.0
0.0
0.08789871
0.0
0.0
0.0
0.0
0.0
0.0
0.0
0.0
0.0
0.0
0.0
0.0
0.0
0.0
0.0
0.0
0.0
0.0
0.0
0.0
0.0
0.0
0.0
0.070789605
0.0
0.0
0.0
0.0
0.0
0.0
0.0
0.0
0.0
0.0
0.0
0.0993815
0.04986963
0.06017928
0.0
0.0
0.0
0.0
0.0
0.0
0.0
0.0
0.0
0.0
0.0
0.06568931
0.03597953
0.0
0.0
0.0
0.0
0.039676294
0.0
0.0
0.0
0.0
0.0
0.0
0.0
0.03964309
0.063069046
0.0
0.06264656
0.0
0.0
0.051874526
0.0
0.0
0.0
0.0
0.0
0.0
0.0
0.0
0.0
0.06414598
0.054681614
0.0
0.0
0.040292375
0.0
0.0
0.0
0.0
0.0
0.046717092
0.0
0.0
0.0
0.0
0.0
0.06830424
0.06299057
0.030639775
0.0
0.027678937
0.066258505
0.0
0.0
0.0
0.0
0.04528339
0.0
0.0
0.0
0.0
0.0
0.0
0.034712635
0.0
0.045011625
0.0
0.031509787
0.060517676
0.0
0.0
0.0
0.0
0.0
0.0633936
0.0
0.041174423
0.0
0.0
0.041464902
0.026521929
0.0
0.05147641
0.11807718
0.045006104
0.04560368
0.0
0.036977906
0.0
0.0
0.0
0.0
0.09631363
0.0
0.0
0.13162912
0.0
0.0
0.055617277
0.0354713
0.037365664
0.0
0.0
0.0
0.0
0.07205459
0.0
0.0
0.0
0.0
0.050457492
0.0
0.0
0.03666175
0.06081029
0.0
0.061318755
0.034180686
0.0
0.041394077
0.08660559
0.03409782
0.0
0.0
0.0
0.0
0.0
0.0
0.0
0.0
0.0
0.037852243
0.0
0.045727737
0.0
0.035386648
0.043468557
0.0
0.012967442
0.03690429
0.0
0.0
0.0
0.0
0.0
0.08083471
0.0
0.0
0.0
0.036731966
0.07921314
0.054589964
0.0
0.067404225
0.034582905
0.0
0.0
0.0
0.04197189
0.0
0.0
0.0
0.06274502
0.06641564
0.0
0.077680066
0.0
0.0
0.0
0.03674409
0.04114678
0.0
0.039655708
0.029784743
0.065207206
0.036519792
0.0
0.0
0.0
0.0419386
0.034556966
0.05152518
0.042321704
0.0
0.09756605
0.0
0.0
0.0
0.098959096
0.03211731
0.0
0.032873765
0.01799132
0.13118418
0.0
0.0
0.0
0.047564883
0.0
0.0
0.0
0.052491795
0.075501814
0.03427493
0.0
0.029721407
0.0
0.041249584
0.0
0.03461114
0.0
0.0
0.0
0.04815734
0.0
0.017461302
0.030495826
0.0
0.050021317
0.0
0.0
0.0
0.0
0.0
0.0
0.0344609
0.032580923
0.0
0.033609647
0.0
0.0667272
0.0
0.03007343
0.0
0.044340838
0.0
0.0
0.02860322
0.042704035
0.0
0.0
0.0
0.055534337
0.0
0.0
0.0
0.0
0.0
0.062104315
0.0
0.0
0.025791474
0.044494085
0.0
0.026798354
0.031270247
0.0
0.0
0.03977777
0.0
0.035466366
0.01673314
0.045598753
0.032821577
0.0
0.0590902
0.034749627
0.05142822
0.05930398
0.020129476
0.0
0.040749434
0.07876422
0.0
0.0
0.08084971
0.040313702
0.031144086
0.05599208
0.0
0.09469274
0.0
0.041727807
0.050425906
0.0
0.0
0.026764072
0.050149325
0.0
0.08121642
0.0
0.08548874
0.0459163
0.025195444
0.0
0.034319952
0.0
0.0
0.0
0.0
0.0
0.0487269
0.019901453
0.0
0.11054191
0.04309635
0.022198655
0.0
0.0
0.0
0.037303686
0.047108915
0.0
0.03894018
0.0
0.0
0.0
0.0
0.06346926
0.021536767
0.03209443
0.060294457
0.0
0.0
0.06524611
0.063303374
0.025163641
0.14815822
0.13781393
0.0
0.0
0.0
0.039291527
0.0
0.03160997
0.042549938
0.0
0.0
0.0
0.04069873
0.0
0.0
0.0
0.075159185
0.05626229
0.015577254
0.09166576
0.01570389
0.10206661
0.021588033
0.04315937
0.0
0.0
0.0
0.16740014
0.0
0.04041655
0.0
0.0
0.0
0.02394563
0.0
0.0638095
0.030722791
0.0
0.0
0.0
0.028173834
0.0
0.0
0.02975543
0.0
0.025583584
0.0
0.041143894
0.0
0.0
0.0
0.0
0.0
0.0
0.0
0.0
0.054827157
0.0
0.021203937
0.0
0.0
0.0
0.12999132
0.0
0.040261652
0.052764148
0.0
0.12038271
0.0
0.0
0.0
0.0
0.039203897
0.0
0.089219116
0.0
0.020991065
0.055578288
0.0
0.0
0.0
0.056487855
0.0759212
0.0
0.0
0.0
0.0
0.0
0.123495616
0.0
0.0
0.0
0.04356232
0.02162417
0.04255437
0.09281198
0.0
0.08875415
0.06530041
0.0
0.049490903
0.0
0.0
0.0
0.0
0.051866084
0.0
0.0
0.0
0.0
0.0
0.0
0.0
0.038581744
0.0
0.0
0.0
0.0
0.0
0.0
0.0
0.052947413
0.0
0.0
0.0
0.0
0.0
0.0
0.0
0.0
0.09393189
0.03210014
0.026562387
0.0
0.0
0.0
0.09045167
0.0
0.0
0.0
0.0
0.030495355
0.0
0.0
0.0
0.0
0.0
0.0
0.0
0.0
0.0
0.079982534
0.0
0.046203166
0.0
0.030563124
0.0
0.051736753
0.0
0.0
0.0
0.0
0.0
0.0
0.0
0.0
0.028602589
0.0
0.0
0.0
0.0
0.04593277
0.0
0.040480766
0.0
0.0
0.0
0.0
0.0
0.0
0.0
0.0
0.050577
0.12125835
0.0
0.0
0.0
0.0
0.0
0.0
0.0
0.0
0.0
0.0
0.0
0.0
0.0
0.0
0.0
0.0
0.0
0.0
0.06776583
0.0
0.0
0.07030383
0.0
0.0
0.0
0.0
0.0
0.0
0.0
0.0
0.039100725
0.037293717
0.0
0.048765093
0.0
0.0
0.0
0.0
0.0
0.0
0.0
0.0
0.0
0.0
0.0
0.0
0.0
0.0
0.0
0.0
0.0
0.0
0.0
0.0
0.0
0.0
0.0
0.0
0.0
0.07700062
0.0
0.0
0.0
0.0
0.0
0.0
0.0
0.0
0.0
0.0
0.0
0.0
0.057964705
0.028394565
0.05074457
0.0
0.04861184
0.028003113
0.0
0.0
0.0
0.0
0.0
0.0
0.0
0.0
0.0
0.0
0.0
0.0
0.0
0.0
0.05953242
0.0
0.0
0.0
0.0
0.0
0.09526172
0.0
0.0
0.0
0.0
0.0
0.0
0.0
0.0
0.0
0.0
0.0
0.0
0.0
0.0
0.0
0.0
0.0
0.0
0.10482614
0.09985178
0.0
0.0
0.0
0.10151237
0.0
0.0
0.0
0.0
0.12329223
0.085744776
0.0
0.0
0.0
0.048379686
0.0
0.0
0.0
0.056212626
0.0
0.0
0.0
0.052486148
0.039886165
0.04834408
0.035208367
0.031197052
0.0
0.0
0.06829724
0.0
0.0
0.0
0.0
0.0
0.034355428
0.0
0.044089794
0.0
0.0
0.0
0.032702975
0.0
0.0
0.0
0.11771293
0.04357776
0.11620158
0.0
0.0
0.05178687
0.0
0.0
0.0
0.0
0.0
0.0
0.0
0.0
0.0
0.0
0.0
0.0
0.045855515
0.0
0.0
0.023758741
0.0828153
0.044442937
0.0
0.0
0.0
0.0
0.0
0.0
0.0
0.0
0.0
0.018002743
0.0
0.0
0.049255393
0.0
0.0
0.099491574
0.0
0.03929188
0.034103904
0.0
0.0
0.031073982
0.0
0.0
0.0
0.01946331
0.0
0.017281564
0.0
0.0
0.0
0.0
0.03693008
0.04079324
0.0
0.0
0.03469898
0.0
0.0
0.01918142
0.08818212
0.0
0.0630221
0.033494215
0.0
0.055573568
0.028885642
0.0
0.0
0.0
0.0
0.0
0.039536107
0.032730035
0.047368005
0.0
0.0
0.031174516
0.0
0.0
0.0
0.094467744
0.0
0.0
0.0
0.0
0.0
0.0
0.0
0.0
0.0
0.0
0.0
0.0
0.0
0.0
0.0
0.0
0.0
0.0
0.0
0.0
0.0
0.0
0.0
0.0
0.0
0.0
0.0
0.0
0.0
0.0
0.0
0.061609145
0.0
0.06321807
0.0
0.0
0.0
0.0
0.0
0.0
0.0
0.0
0.0
0.08565202
0.0
0.0
0.0
0.0
0.07306041
0.0
0.0
0.0
0.0
0.0
0.0
0.0
0.0
0.0
0.0
0.0
0.0
0.061710645
0.057427004
0.0701897
0.0
0.0
0.0
0.0
0.0
0.0
0.0
0.0
0.0
0.0
0.048903592
0.0
0.075385325
0.03167646
0.0
0.075228706
0.0
0.0
0.0
0.0
0.0
0.0
0.060888443
0.0
0.0
0.0
0.0
0.0
0.0
0.0
0.05328813
0.0
0.046323374
0.0
0.0
0.0
0.0
0.0
0.0
0.0
0.0
0.0
0.16688089
0.10079001
0.0
0.0
0.0
0.029729655
0.035915326
0.0
0.0
0.0
0.0
0.0
0.0
0.0
0.0
0.09182311
0.10049922
0.0
0.0
0.0
0.0
0.0
0.0
0.0
0.0
0.0
0.0
0.0
0.0
0.0
0.0
0.0
0.0
0.0
0.044267464
0.06995679
0.07032498
0.045546092
0.0
0.0
0.0
0.07051284
0.0
0.0
0.09790696
0.0
0.0
0.0
0.0
0.107056275
0.052798424
0.0
0.0
0.04909384
0.0
0.057432767
0.0878476
0.0
0.042842798
0.0
0.0433407
0.041287675
0.0
0.0899138
0.08467016
0.0
0.045199104
0.0
0.0
0.0
0.0
0.12383405
0.0
0.0
0.0
0.0
0.07039023
0.0
0.0
0.0
0.0
0.0433285
0.0648233
0.0
0.0
0.053242955
0.0
0.062375426
0.060237937
0.13617304
0.0
0.0
0.0
0.0
0.112433806
0.0350289
0.0
0.048320085
0.04448506
0.0
0.0
0.0
0.043651108
0.0
0.024762312
0.0
0.048257027
0.100534365
0.0
0.0
0.0
0.0
0.07245717
0.0
0.0
0.0
0.07051179
0.05565485
0.047571883
0.0
0.07795897
0.0
0.0
0.0
0.042909857
0.0
0.0
0.0
0.0
0.0
0.024487859
0.08560899
0.21671487
0.0
0.020760741
0.04436115
0.0
0.02409976
0.06017457
0.08022779
0.0
0.073207945
0.0
0.0
0.046397492
0.0
0.0
0.0
0.0
0.0
0.0
0.08280187
0.030879308
0.0
0.055868916
0.0
0.0
0.08553076
0.13825473
0.0808062
0.01891082
0.031293593
0.06732192
0.0
0.041910898
0.11014005
0.07366495
0.089519285
0.0
0.03238938
0.048591927
0.0
0.026539262
0.093601525
0.06420674
0.0
0.0
0.0
0.0
0.0
0.0
0.05000472
0.036348708
0.11187402
0.042493805
0.0
0.03831617
0.064920455
0.027515633
0.037450407
0.040224962
0.04837451
0.036978234
0.0
0.0
0.0
0.026716651
0.06564027
0.06615189
0.058592714
0.032944437
0.031939223
0.07942799
0.0
0.06967479
0.028520633
0.040863883
0.0
0.06933122
0.0
0.029393556
0.0
0.0
0.0
0.0
0.03194989
0.0
0.0705394
0.07759687
0.14157389
0.07272362
0.07301264
0.08455554
0.0
0.0
0.0
0.0
0.0
0.0
0.042102512
0.0
0.042010196
0.0
0.0
0.0
0.0
0.0
0.0
0.0
0.0
0.035380017
0.06546614
0.052290898
0.04792399
0.07770557
0.03848994
0.056873996
0.0
0.029486163
0.040722392
0.02995329
0.0
0.0
0.04411632
0.0
0.0
0.0
0.0
0.0986179
0.10116983
0.043113664
0.0
0.0
0.11152654
0.04339752
0.06644228
0.0
0.0
0.09123556
0.03515479
0.0
0.031593733
0.043876298
0.06502294
0.0
0.0
0.0
0.043401472
0.0
0.0
0.0
0.06295897
0.0
0.063650034
0.0
0.0
0.0
0.0
0.03996671
0.0
0.035662036
0.0
0.0
0.03986306
0.0
0.0
0.1400438
0.0
0.04744583
0.0
0.0
0.0
0.047720537
0.0
0.0
0.059802823
0.11282696
0.0
0.0
0.0
0.0
0.0
0.0
0.056225803
0.19112869
0.07008018
0.0
0.0
0.047880746
0.0
0.0
0.0
0.0
0.055155482
0.0
0.07327544
0.062160797
0.0900146
0.0
0.10141308
0.05590257
0.0
0.040073045
0.10429979
0.0
0.0
0.0
0.0
0.07747081
0.0
0.0
0.0
0.0
0.064352125
0.0
0.0
0.0
0.06473655
0.07618077
0.043788422
0.045287788
0.0
0.07108223
0.0
0.0
0.106218666
0.11177568
0.035830926
0.08175691
0.0
0.0
0.0
0.0
0.0
0.0
0.0
0.0
0.0
0.0
0.07906196
0.0
0.060100917
0.0
0.14042953
0.045292303
0.117695495
0.0
0.028767113
0.0
0.0
0.07596025
0.0
0.0
0.03496414
0.13180043
0.0
0.0
0.0
0.0
0.0
0.0323074
0.0
0.0
0.0431794
0.050909728
0.0
0.0
0.057142336
0.0
0.05607931
0.07272001
0.08149445
0.0
0.0
0.0
0.0
0.13360304
0.0
0.0
0.0
0.07298593
0.0
0.0
0.0
0.0
0.0
0.0
0.074302964
0.0
0.0
0.0
0.0
0.0
0.07494782
0.0
0.0
0.0
0.06672654
0.0
0.0
0.10178721
0.061985698
0.0
0.051087055
0.050288957
0.04632191
0.066441394
0.053770892
0.0
0.0
0.0
0.0
0.072566465
0.05278373
0.0
0.0
0.0
0.0
0.0809209
0.0
0.0
0.0
0.0
0.0
0.0
0.0
0.0
0.1526838
0.052819174
0.0
0.037355874
0.0
0.0
0.0
0.042356964
0.0
0.08687322
0.0
0.0
0.0
0.0
0.0
0.0
0.08013711
0.07810598
0.0
0.074263684
0.0
0.071835496
0.0
0.06270513
0.0
0.0
0.0
0.0
0.0
0.0
0.0
0.0
0.040090475
0.0
0.0
0.0
0.0
0.0
0.0
0.0
0.0
0.0
0.0
0.0
0.0
0.037130542
0.07526601
0.038859807
0.0
0.0
0.0
0.0
0.0
0.0
0.0
0.0
0.0
0.0
0.0
0.0
0.055162136
0.0
0.0
0.0
0.0
0.07151085
0.0
0.0
0.0
0.0
0.0
0.0
0.0
0.0
0.0
0.0
0.0
0.04819437
0.0
0.0
0.0
0.0
0.0
0.0
0.0
0.0
0.0
0.0
0.0
0.031670187
0.0
0.0
0.0
0.0
0.118311435
0.0
0.0
0.0
0.0
0.0
0.0
0.0
0.0
0.08338019
0.0
0.0
0.0
0.0
0.0
0.0
0.0
0.0
0.0
0.0
0.0
0.0
0.0
0.0
0.0
0.0
0.0
0.0
0.05343715
0.0
0.0
0.0
0.10426685
0.0
0.0
0.0
0.0
0.0
0.05062577
0.0
0.0
0.0
0.0
0.1492553
0.0
0.0
0.11533331
0.04502354
0.0
0.0
0.0
0.0
0.04524612
0.11088911
0.0
0.0
0.0
0.0
0.0
0.0
0.0
0.0
0.0
0.0
0.0
0.04308084
0.0
0.0
0.0
0.0
0.0
0.0
0.0
0.14481042
0.0
0.022072578
0.0
0.0
0.0
0.07221802
0.0
0.0
0.06536082
0.0
0.0
0.0
0.08461203
0.0
0.05322731
0.0393569
0.07617537
0.0
0.0
0.0
0.0
0.0
0.0
0.0
0.0
0.062488127
0.049546998
0.089801475
0.0
0.05549852
0.0
0.049239118
0.0
0.0
0.0
0.0
0.07803434
0.046429656
0.024319606
0.04127253
0.0
0.0
0.0
0.1184303
0.0
0.0
0.0
0.0
0.0
0.0
0.040490024
0.03396805
0.0
0.0
0.05547956
0.0
0.0
0.08075464
0.0
0.0
0.020801526
0.0
0.0
0.0
0.0
0.0
0.0
0.05911906
0.0
0.033718143
0.0
0.05347397
0.06722817
0.0
0.0
0.0
0.0
0.0
0.0
0.0
0.03741434
0.07402227
0.0
0.031046914
0.0
0.0
0.039132424
0.03915009
0.0
0.0
0.0
0.0
0.0
0.08457212
0.0
0.0
0.035788488
0.0
0.082104795
0.10431573
0.0
0.051143646
0.0
0.0
0.051960856
0.05158415
0.041609213
0.06439214
0.030311733
0.08157246
0.06517097
0.06396267
0.07183528
0.031428073
0.038541656
0.0
0.0
0.042049084
0.0
0.0
0.0
0.07054418
0.0
0.0
0.04559728
0.0
0.0
0.0
0.048929866
0.0
0.042275544
0.04859626
0.056333635
0.0
0.0
0.0
0.07249027
0.04353246
0.04033134
0.14391299
0.0
0.07619281
0.0
0.0
0.04181411
0.0
0.0
0.10800896
0.05614026
0.0
0.039457392
0.0
0.0
0.0
0.0
0.034287155
0.0
0.021237347
0.064077996
0.051676568
0.0
0.0
0.091171406
0.0
0.0
0.0
0.098032705
0.0
0.049293015
0.11087067
0.0
0.07257878
0.0
0.0
0.0
0.0
0.06751423
0.0
0.023766465
0.0
0.0
0.0
0.0
0.0
0.056537263
0.025967339
0.0
0.0
0.031639416
0.052673534
0.0
0.055088066
0.0
0.0
0.0
0.04749227
0.0
0.10438842
0.0
0.028714973
0.054858044
0.09382505
0.04355688
0.0
0.046198215
0.0
0.0
0.0
0.049349055
0.0
0.0
0.040465783
0.11586449
0.035653546
0.0
0.0
0.036565293
0.02656614
0.0
0.0
0.0
0.0
0.0
0.06653718
0.0
0.0
0.10051914
0.042549483
0.027670244
0.0
0.049039308
0.044874825
0.0
0.0
0.0
0.0
0.0
0.0
0.0
0.0
0.0
0.06523537
0.031796493
0.0
0.0
0.03905062
0.0
0.0
0.0
0.0
0.0
0.0
0.0
0.0
0.0
0.079676986
0.0
0.0
0.0
0.0
0.0
0.0
0.0
0.0
0.0
0.0
0.0
0.04793429
0.06420483
0.02298379
0.0
0.0
0.0
0.026643949
0.0
0.0
0.0
0.0
0.0
0.0
0.0
0.0
0.08113734
0.0
0.0
0.0
0.0
0.063281365
0.0
0.0
0.0
0.0
0.0
0.0
0.0
0.0
0.050366174
0.0
0.0
0.0
0.0
0.0
0.030363109
0.0
0.0
0.0
0.0
0.0
0.0
0.0
0.03381399
0.10235582
0.0
0.0
0.0
0.17599154
0.055667724
0.0
0.0
0.0
0.0
0.046174332
0.0
0.0
0.0
0.0
0.0
0.059315782
0.049891148
0.0
0.15630528
0.0
0.0
0.0
0.0
0.049004417
0.07547634
0.0
0.0
0.0
0.0
0.07695638
0.0
0.0
0.0
0.04010797
0.0
0.0
0.0
0.1131655
0.035456527
0.0
0.025986418
0.047674727
0.03754778
0.0
0.04625664
0.0
0.0
0.033969164
0.01748174
0.0
0.014327067
0.0
0.0
0.085673355
0.04115227
0.06886496
0.08565563
0.0
0.04501419
0.0
0.0
0.0
0.0
0.0
0.0
0.0
0.06744966
0.0
0.0
0.038948085
0.0
0.083888926
0.049542885
0.0
0.0
0.0
0.0
0.0
0.04270792
0.0
0.0
0.023719022
0.0
0.09684327
0.047902465
0.043836027
0.06744056
0.0
0.0
0.0
0.053347066
0.0
0.050434932
0.0
0.10280003
0.0
0.0
0.036875665
0.04757597
0.0
0.024207441
0.023210157
0.0320503
0.07191883
0.0
0.0
0.04374167
0.07672873
0.0
0.0
0.0
0.033894695
0.035370253
0.023280773
0.0
0.0
0.0
0.059622426
0.0
0.050373375
0.0
0.04565874
0.030208511
0.07734905
0.027907155
0.0
0.0
0.07949285
0.07267224
0.0
0.0
0.059062727
0.03857793
0.052116696
0.0
0.11301556
0.04204641
0.041012134
0.07787024
0.029195884
0.07552132
0.0
0.054305356
0.03011009
0.0
0.0
0.03501861
0.0
0.0
0.0
0.0
0.0
0.0
0.0
0.06510885
0.021367688
0.044854343
0.0
0.04082682
0.0
0.02219423
0.028070375
0.101397924
0.064923435
0.0
0.0
0.014228008
0.036028497
0.0
0.0
0.0
0.0
0.0
0.0
0.027175821
0.05277275
0.0
0.0
0.054778233
0.0
0.042509887
0.049245212
0.0
0.043570656
0.0
0.0
0.0191405
0.021087702
0.0
0.0
0.0
0.0
0.0
0.0
0.0
0.0
0.27784768
0.0
0.0
0.0
0.0
0.0
0.0
0.0
0.0
0.0
0.0
0.0
0.0
0.0
0.0
0.0
0.0
0.0
0.0
0.0
0.0
0.0
0.0
0.0
0.0
0.0
0.0
0.0
0.0
0.0
0.0
0.0
0.0
0.0
0.0
0.0
0.0
0.0
0.0
0.0
0.0
0.0
0.0
0.0
0.0
0.0
0.0
0.0
0.0
0.0
0.0
0.0
0.0
0.0
0.0
0.0
0.0
0.0
0.0
0.028315272
0.0
0.0
0.0
0.0
0.0
0.0
0.05817676
0.0
0.0
0.0
0.0
0.0
0.06117168
0.0
0.0
0.0
0.0
0.0
0.0
0.0
0.0
0.0
0.0
0.0
0.0
0.0
0.06380963
0.0
0.0
0.0
0.06852518
0.0
0.0
0.0
0.0
0.040057957
0.07200304
0.067709796
0.0
0.0
0.0
0.07386681
0.0
0.05701132
0.0
0.0
0.0
0.0
0.0
0.120022796
0.0
0.0
0.0673966
0.0
0.0
0.028705614
0.0
0.0
0.04712468
0.0
0.0
0.0
0.0
0.0
0.09998906
0.0
0.0
0.0
0.0
0.0
0.12569697
0.0
0.0
0.0
0.0
0.0
0.0
0.0
0.0682821
0.0
0.10642238
0.021979788
0.0
0.0
0.043399967
0.052271277
0.0
0.069338985
0.0
0.0
0.0
0.0
0.0
0.0
0.0
0.0
0.0
0.0
0.0
0.04035742
0.0
0.029569937
0.0
0.0
0.0
0.0
0.068383425
0.0
0.0
0.0
0.0
0.0
0.039932296
0.0516145
0.034512896
0.0
0.060631454
0.039543524
0.0
0.063352026
0.04889121
0.0
0.0445839
0.07089815
0.0
0.043262232
0.0
0.0
0.0
0.046680484
0.0
0.0
0.0
0.0
0.0
0.047782093
0.0
0.033855557
0.0
0.0
0.0
0.02599372
0.0
0.0
0.09234201
0.0
0.0
0.0
0.0
0.0
0.0
0.05236218
0.045837514
0.0
0.0
0.0
0.0
0.0
0.039629083
0.0
0.0
0.124552056
0.0
0.0
0.0
0.036213625
0.037624437
0.0
0.0
0.0
0.0
0.0
0.07882863
0.07999972
0.047991067
0.082985565
0.0
0.024728814
0.0
0.041389834
0.03551945
0.0
0.0
0.0
0.0
0.0
0.0
0.0
0.0
0.13618948
0.0
0.0
0.048853584
0.0
0.04146381
0.0
0.0
0.048416585
0.08099926
0.0
0.0
0.04605452
0.0
0.0
0.0
0.0
0.0
0.038258888
0.09883184
0.047225002
0.0
0.0
0.0
0.0
0.065642454
0.0
0.1276924
0.0
0.0
0.0
0.0
0.0524175
0.0
0.0
0.0
0.0
0.0434965
0.0
0.0
0.0
0.0
0.0
0.088335864
0.053496912
0.10305916
0.0
0.046866544
0.0
0.02328387
0.0
0.07201429
0.0
0.043309566
0.0
0.0
0.035414964
0.0
0.05017184
0.05877434
0.017823864
0.0
0.0
0.0
0.06482967
0.0
0.079373926
0.0
0.047186483
0.061611667
0.098347485
0.07648556
0.0
0.051276647
0.13366383
0.0
0.032119144
0.0
0.0
0.12289785
0.12691878
0.0
0.0
0.030434625
0.019323971
0.0
0.0
0.0
0.0
0.0
0.0
0.0
0.0
0.0
0.0
0.0
0.0
0.02207861
0.06350825
0.073580496
0.05606097
0.0
0.0
0.038719393
0.0
0.041510787
0.0
0.038279686
0.08843115
0.038497902
0.0
0.0
0.0
0.0
0.0
0.0
0.0
0.0
0.0
0.01872196
0.0
0.0
0.059025384
0.015126776
0.0
0.038871244
0.0
0.0
0.0
0.024042437
0.0
0.0
0.0
0.0
0.0
0.0
0.056256276
0.0
0.0
0.027693456
0.049882736
0.022787854
0.0
0.041826714
0.0
0.0
0.0
0.04699009
0.0
0.032318145
0.0
0.0
0.0
0.0
0.08214778
0.046583444
0.0
0.0
0.0
0.04567734
0.04192349
0.030340029
0.0
0.09805487
0.05829359
0.07384616
0.047588337
0.08219234
0.035739146
0.0
0.046438124
0.0
0.0
0.0
0.025168534
0.0
0.059184786
0.0
0.08740677
0.0
0.03250093
0.0
0.0
0.0
0.028391572
0.0
0.05055919
0.0
0.0
0.044531103
0.0
0.06487993
0.0
0.0
0.040563777
0.05495831
0.054070648
0.04492848
0.25253478
0.0
0.030704621
0.042153843
0.026772631
0.0
0.113970354
0.0
0.08111806
0.0
0.059846584
0.028740551
0.0
0.07409444
0.026388276
0.0
0.0
0.048410434
0.03323804
0.05064767
0.06954352
0.05275286
0.083184116
0.0
0.0
0.0
0.062061846
0.029408878
0.0
0.0
0.0
0.06471846
0.0
0.03162125
0.0
0.04417835
0.058205068
0.0540956
0.05313104
0.109155655
0.0
0.0
0.15673193
0.0
0.057748947
0.0
0.0456385
0.0
0.09671215
0.105799295
0.0
0.05035752
0.0
0.016512465
0.0
0.07590939
0.08068711
0.07328211
0.04416905
0.10980326
0.018171353
0.0
0.24802665
0.06646234
0.0
0.0
0.0
0.0
0.033504877
0.0723642
0.0
0.0
0.14429697
0.0
0.049403585
0.04587697
0.03475561
0.0
0.0
0.0
0.0
0.0
0.0
0.0
0.0
0.0
0.0
0.11977915
0.058993295
0.0
0.0
0.0
0.0
0.029718354
0.04117441
0.029677723
0.0
0.0
0.0
0.0
0.0
0.0
0.0
0.0
0.0
0.0
0.0
0.0
0.0
0.0
0.0507208
0.0
0.059546992
0.02989532
0.06502553
0.0
0.0
0.0
0.07101182
0.0
0.0
0.0
0.0
0.0
0.044674736
0.02681199
0.14188324
0.043108568
0.02792475
0.039108645
0.056976102
0.0
0.030272326
0.0
0.06620079
0.0
0.0
0.0
0.0
0.0
0.07423214
0.0
0.060587503
0.02258137
0.0
0.040671635
0.039233323
0.0
0.0
0.0
0.0
0.0
0.0
0.0
0.0
0.0
0.021041946
0.0
0.0
0.0
0.0
0.0
0.019509926
0.0
0.031843275
0.027758
0.04889351
0.0
0.058297396
0.11091039
0.0
0.0
0.037768807
0.0
0.0
0.0
0.074928425
0.0
0.0
0.0
0.0
0.0
0.0
0.026853852
0.0
0.0
0.0
0.0
0.0
0.0
0.0
0.0
0.0
0.0
0.0
0.0
0.0
0.0
0.030678859
0.053477712
0.0
0.0
0.019532256
0.0
0.05086578
0.0
0.0
0.0
0.0
0.0
0.0
0.039042138
0.050457954
0.0
0.034056425
0.016480956
0.0
0.039076194
0.0
0.0
0.015333013
0.0
0.0
0.0
0.0
0.0
0.0
0.0
0.0
0.03393047
0.0
0.0
0.06328223
0.0
0.025367375
0.045586526
0.037185114
0.03496177
0.0
0.1907018
0.0
0.0
0.0
0.08105214
0.0
0.029935338
0.02976593
0.0
0.051727276
0.0
0.0
0.0
0.0
0.13144879
0.0
0.05934301
0.027824907
0.0
0.0
0.0
0.040133785
0.09968844
0.038858257
0.0
0.029333277
0.0
0.035432078
0.0
0.0
0.09054084
0.0
0.0
0.05705894
0.04776658
0.016031105
0.0
0.0
0.0642929
0.04973527
0.13351102
0.07182452
0.0
0.062371314
0.0
0.0
0.04938446
0.05458224
0.0184973
0.0
0.038224816
0.0
0.100618035
0.037107605
0.0
0.038544733
0.05937599
0.0
0.0
0.05747085
0.0
0.0
0.03632829
0.0
0.02759412
0.0
0.03592205
0.0
0.0
0.018803883
0.019333728
0.0
0.04563905
0.038589977
0.0
0.0766415
0.026119791
0.0
0.0
0.048126437
0.0
0.03179861
0.0
0.072538964
0.045604043
0.0
0.0
0.0
0.044704672
0.0
0.14192499
0.030756837
0.062232792
0.04640591
0.0
0.0
0.027702024
0.04162543
0.025348525
0.0
0.055206247
0.0
0.0
0.0
0.064278744
0.06423144
0.025667498
0.0
0.07210891
0.024858693
0.0
0.0
0.02814513
0.029648717
0.0
0.030038701
0.0
0.0
0.03197193
0.042122595
0.041340392
0.027374327
0.027603341
0.07815618
0.0
0.06620724
0.0
0.07183112
0.0
0.0
0.0
0.0
0.0
0.0
0.0
0.046057276
0.0
0.0
0.0
0.0
0.0
0.06202598
0.0
0.09151604
0.0
0.0
0.05361605
0.0
0.0
0.0
0.04206834
0.0
0.07360495
0.0
0.0
0.0
0.037184034
0.0
0.09756926
0.05328776
0.12100255
0.0
0.0
0.039768368
0.10477186
0.0
0.0999944
0.0
0.0
0.0
0.0482162
0.0
0.0
0.0
0.045733392
0.0
0.0
0.053126317
0.0
0.15247746
0.0
0.0
0.0
0.0
0.0
0.023017434
0.0
0.0
0.0
0.0
0.0
0.0
0.0
0.0
0.0
0.061985053
0.041521866
0.0
0.0
0.0
0.0
0.0
0.0
0.021657582
0.0
0.07260393
0.0
0.093998246
0.057721272
0.0
0.05408445
0.068344414
0.0
0.03519834
0.0
0.064587735
0.0
0.0
0.029582653
0.0
0.07036028
0.103501774
0.09381762
0.043512635
0.0
0.0
0.06491542
0.0
0.0
0.07206687
0.040134948
0.0
0.0
0.03805412
0.0
0.0
0.05864213
0.0
0.0
0.045823846
0.0735615
0.0
0.0
0.05327587
0.0
0.08760624
0.0
0.0
0.0
0.0
0.0
0.0
0.0
0.0
0.0
0.0
0.0
0.0
0.0
0.0
0.0
0.0
0.0
0.04249086
0.0
0.0
0.0
0.0
0.0
0.05409628
0.07174005
0.066759646
0.0381026
0.0
0.0
0.041170128
0.0
0.0
0.043313798
0.060123928
0.0
0.0
0.0
0.052384954
0.0
0.0
0.0
0.0
0.0
0.0
0.04729455
0.0
0.0
0.0
0.0
0.0
0.0
0.0
0.0
0.0
0.058386594
0.0
0.0
0.0
0.0
0.0
0.0
0.06519453
0.0
0.0
0.07031137
0.03672208
0.0
0.0
0.043965466
0.0
0.0
0.0
0.061522383
0.0
0.19678117
0.0
0.04736292
0.0
0.0
0.065894306
0.0
0.0
0.0
0.0
0.0
0.0
0.084827945
0.0
0.0
0.0
0.0
0.0
0.04251677
0.0
0.0
0.0
0.058489203
0.0
0.0
0.0
0.07574193
0.038470242
0.0
0.0
0.0
0.057758436
0.0
0.0
0.0
0.0
0.06616048
0.0
0.0
0.05798533
0.0
0.0
0.02501209
0.0
0.036556907
0.0
0.0
0.0
0.0
0.0
0.0
0.0
0.03450089
0.068310745
0.0
0.046531197
0.042976756
0.0
0.0
0.0
0.0
0.0
0.0
0.0
0.0
0.0
0.0
0.03699721
0.0
0.09551851
0.0
0.027529297
0.0
0.09156905
0.0
0.05127356
0.0
0.054888997
0.0
0.03066978
0.0
0.0
0.090934634
0.0
0.0
0.07551288
0.0
0.0
0.024987029
0.0
0.0
0.0
0.05475419
0.0
0.0
0.025122613
0.0
0.0
0.0
0.0
0.0
0.0545782
0.0
0.0
0.0
0.0
0.0
0.08904807
0.0
0.0
0.0
0.029822238
0.0
0.0
0.104839355
0.044324744
0.0
0.054567195
0.0
0.0
0.047081783
0.07458486
0.0
0.0
0.030271096
0.0
0.041342586
0.06708241
0.0
0.0
0.13715868
0.0
0.0
0.0
0.076086625
0.0
0.0
0.0429294
0.030932087
0.049871646
0.0
0.05049827
0.03722906
0.0
0.031057077
0.0
0.0
0.019634899
0.046067826
0.0
0.071618706
0.0
0.030920759
0.0
0.044248264
0.090946384
0.06737211
0.0
0.0
0.0
0.0
0.0
0.0
0.07635139
0.0
0.0
0.04840961
0.03758562
0.057946824
0.06638973
0.10276934
0.017867757
0.047588438
0.0
0.0
0.0
0.0
0.0
0.0
0.0
0.0
0.030841134
0.0
0.0376014
0.0
0.083225146
0.0
0.0
0.059719115
0.0
0.086258166
0.0
0.09415836
0.043154962
0.0
0.0
0.033445682
0.0
0.0
0.052551553
0.0
0.0
0.0
0.0
0.07610256
0.1611976
0.0
0.0
0.06747131
0.054154705
0.0
0.03525355
0.0
0.0
0.0
0.0
0.06278493
0.0
0.0
0.11181727
0.10942104
0.031061051
0.08898433
0.0
0.0
0.0
0.08626138
0.04134847
0.03103515
0.046193454
0.019873371
0.0
0.0
0.0
0.09342039
0.034449816
0.0
0.0
0.07114258
0.03703989
0.040380344
0.050463393
0.0
0.0
0.06243706
0.0
0.0
0.0
0.0
0.0
0.0
0.0
0.0
0.0
0.047756642
0.04161199
0.08377393
0.09819075
0.0
0.0
0.016827974
0.057346366
0.0
0.056847334
0.0
0.0
0.0
0.0
0.0
0.0
0.0
0.0
0.0
0.0
0.05156539
0.06277901
0.0
0.06396623
0.04732347
0.06362863
0.091960125
0.0
0.0
0.0
0.0
0.0
0.0
0.0
0.0
0.08806302
0.0
0.093731515
0.037066024
0.0
0.037582222
0.02334503
0.0
0.0
0.0
0.0
0.0
0.0
0.0
0.0
0.0
0.08005085
0.023522295
0.078070104
0.03169096
0.0
0.056445304
0.0
0.0
0.0
0.0
0.0
0.0
0.0
0.0
0.0
0.0
0.0
0.0
0.0
0.0
0.0
0.0
0.0
0.0
0.0
0.0625662
0.0
0.0
0.072711825
0.0
0.07354993
0.0
0.0
0.0
0.0
0.0
0.0
0.0
0.0
0.0
0.0
0.0
0.02245586
0.038982846
0.0
0.07127439
0.08562527
0.0
0.0
0.0
0.0
0.0
0.0
0.0
0.0
0.0
0.0
0.0
0.03513696
0.030210087
0.06994249
0.0
0.10872694
0.0
0.0
0.0
0.0
0.0
0.0
0.0
0.0
0.0
0.02663092
0.05985892
0.0
0.0
0.08984186
0.06308313
0.0
0.0
0.0
0.0
0.0
0.0
0.0
0.0
0.019506665
0.06470032
0.0
0.0
0.074830845
0.034248512
0.0
0.049387943
0.0
0.0
0.0
0.0
0.0
0.0339055
0.0
0.0
0.030260663
0.032939933
0.0
0.0
0.0
0.0499451
0.0
0.0
0.05073367
0.0
0.0
0.076805316
0.0
0.04448407
0.0
0.07547471
0.083723016
0.022855949
0.0
0.0
0.062020764
0.040681746
0.0
0.031460438
0.04022596
0.1034883
0.0
0.03152231
0.044955354
0.0
0.0629609
0.027639475
0.03227423
0.047906484
0.0
0.0
0.038192034
0.049302105
0.022130031
0.0
0.117683806
0.10169947
0.0
0.029780217
0.08969523
0.17397697
0.0
0.038041513
0.042947393
0.0
0.0
0.020342153
0.0
0.0
0.032879587
0.04602807
0.08594187
0.0
0.0
0.04867339
0.076440364
0.08010175
0.03554636
0.025547683
0.030532012
0.0
0.090959
0.01925475
0.043189973
0.0
0.04726912
0.05061426
0.09870942
0.09322844
0.0
0.020185603
0.07702945
0.034394808
0.03350499
0.0
0.07868701
0.0
0.103842296
0.030313095
0.022659272
0.054864977
0.046407223
0.0
0.0
0.022249984
0.0
0.0625106
0.07067232
0.0
0.0
0.06609256
0.047499005
0.09881022
0.045245733
0.06313264
0.0
0.121484615
0.0
0.0
0.058003046
0.021644952
0.0
0.049331184
0.0
0.0
0.11650789
0.11661113
0.0
0.0
0.0
0.0
0.026889171
0.0
0.0
0.0
0.0
0.0
0.0
0.0
0.0
0.0
0.0
0.0
0.0
0.0
0.0
0.044257592
0.0
0.0
0.0
0.0
0.0
0.0
0.0
0.0
0.0
0.0
0.0
0.0
0.0
0.0
0.0
0.0
0.0
0.052855615
0.0
0.0
0.0
0.0
0.0
0.0
0.0
0.0
0.0
0.0
0.0
0.0
0.058185358
0.0497049
0.0
0.0
0.0
0.0
0.0
0.0
0.0
0.0
0.0
0.0
0.0
0.0
0.04722485
0.0
0.04972128
0.083177894
0.0
0.0
0.17838353
0.0
0.0
0.0
0.0
0.0
0.0
0.0
0.0
0.0
0.030987285
0.0
0.0
0.035026327
0.09198786
0.0
0.13622603
0.0
0.10600878
0.0
0.0
0.0
0.0
0.0
0.0
0.0
0.08319705
0.0
0.047358997
0.0
0.0
0.0
0.0
0.0
0.0
0.0
0.0
0.0
0.0
0.0
0.0
0.055779967
0.0
0.053162396
0.0
0.0
0.0
0.04066123
0.0
0.087297864
0.0
0.0
0.0
0.0
0.0
0.0
0.0
0.0
0.03297128
0.05560914
0.03783871
0.026570544
0.0
0.058124635
0.0
0.0
0.0
0.0
0.0
0.0
0.0
0.0
0.0
0.0
0.0
0.027455235
0.0
0.04123713
0.077060394
0.06330362
0.03899076
0.0
0.039594375
0.0
0.0
0.0
0.076676205
0.064059764
0.0
0.0
0.029365275
0.0
0.031833433
0.0
0.0
0.0
0.0
0.0
0.081151
0.0
0.0
0.096080124
0.06470683
0.065300964
0.05500831
0.0
0.0
0.03756823
0.045418296
0.08613089
0.0
0.0
0.07619755
0.0
0.0
0.0
0.1358718
0.040993787
0.038417697
0.0
0.0
0.059382517
0.0
0.0
0.09040294
0.0
0.063174106
0.10031398
0.06684765
0.0
0.0
0.070321135
0.052379336
0.028663106
0.04735774
0.0
0.05689075
0.0
0.05378178
0.06556304
0.0
0.0
0.0
0.0
0.025043996
0.0
0.0
0.118251026
0.0
0.0
0.0
0.052241586
0.04764708
0.0
0.04466298
0.04139954
0.08532286
0.07189982
0.08858871
0.0
0.0
0.0
0.07885787
0.1043898
0.0
0.030551834
0.032140434
0.0
0.0
0.05197577
0.05188149
0.0
0.054751415
0.036866345
0.0
0.0
0.062005337
0.059583806
0.0
0.0
0.0
0.08608132
0.0
0.0
0.0
0.038518246
0.0
0.05053834
0.10452723
0.0
0.04105675
0.04796115
0.047110125
0.0
0.06770976
0.0
0.051525164
0.045499086
0.07395579
0.0
0.0
0.071171686
0.0
0.0
0.08673337
0.0
0.07661108
0.0
0.08947594
0.0
0.045197565
0.08674185
0.0
0.0
0.0
0.0
0.04498029
0.0
0.037330847
0.039830834
0.0
0.06450319
0.0
0.0
0.039826754
0.08733425
0.08269981
0.0
0.0
0.055698443
0.0
0.0
0.037754208
0.0
0.05110592
0.038518813
0.05155915
0.0
0.0
0.0
0.08227486
0.06580332
0.04854306
0.06223177
0.0
0.0
0.0
0.0
0.0
0.0
0.0
0.08836803
0.0
0.13197848
0.0
0.05581808
0.0
0.118106745
0.053958025
0.08335478
0.0
0.109580465
0.0
0.047341894
0.0
0.0
0.0
0.07292734
0.0
0.0
0.0
0.07792219
0.024742695
0.064271376
0.08685348
0.03767258
0.041361302
0.04940281
0.0
0.22027674
0.0
0.03499285
0.03989898
0.0
0.043312382
0.0
0.0
0.03485683
0.0
0.045619812
0.053258136
0.0
0.0
0.0499867
0.0
0.0
0.0
0.0
0.0
0.033862304
0.022707302
0.039183646
0.054295365
0.0
0.0
0.0
0.0
0.066246584
0.040379815
0.10772412
0.0
0.07158315
0.0
0.033377685
0.07823593
0.07318353
0.0
0.06720091
0.0
0.058248967
0.050999045
0.06259728
0.039246768
0.045532703
0.044314194
0.0441442
0.0
0.0
0.0
0.04108156
0.0
0.0
0.04712094
0.0
0.0
0.0
0.0
0.04095608
0.0
0.0591192
0.0
0.0
0.0
0.062566854
0.05294139
0.0
0.06296821
0.0
0.0
0.0
0.0
0.0
0.0
0.0
0.0
0.0
0.0
0.0
0.0
0.0
0.0
0.0
0.0
0.065822884
0.0
0.0
0.0
0.0
0.0
0.0
0.0
0.0
0.0
0.0
0.0
0.0
0.0
0.18952234
0.0
0.050726198
0.0
0.034272857
0.0
0.0
0.22317623
0.0
0.0
0.0
0.025791572
0.0
0.0
0.0
0.0
0.11398981
0.0
0.0
0.0
0.04614173
0.052318048
0.0
0.0
0.0
0.0
0.0
0.0
0.17552498
0.0
0.0
0.08330055
0.0
0.10270618
0.0
0.06401468
0.05474192
0.0
0.0
0.0
0.0
0.0
0.0
0.0
0.0
0.0
0.0
0.068661414
0.0
0.0
0.0
0.0
0.0
0.0
0.0
0.0
0.0
0.0
0.0
0.0
0.05472283
0.0
0.0
0.0
0.034057196
0.059112955
0.0
0.046285342
0.0
0.0
0.053030536
0.0
0.0
0.0
0.0
0.0
0.11519496
0.024224618
0.0
0.0
0.0
0.0
0.0
0.032449905
0.045010503
0.0
0.0
0.022080287
0.0
0.0
0.0
0.0
0.0
0.0
0.07293306
0.0
0.0
0.026091259
0.0
0.0
0.0
0.0
0.0
0.0
0.0
0.054713454
0.06263497
0.017788123
0.06188486
0.0
0.0
0.0
0.0
0.0
0.0
0.0
0.0
0.03909413
0.035353094
0.041123655
0.0
0.0
0.0
0.037807632
0.061005373
0.0
0.0
0.054604225
0.0
0.0
0.034256414
0.0
0.0
0.0
0.0
0.0
0.0
0.0
0.083597474
0.02449148
0.0
0.0
0.10478984
0.0
0.032069776
0.07676377
0.1330786
0.0
0.0
0.06171532
0.0
0.0
0.0
0.055150803
0.04999421
0.033790745
0.0
0.0
0.059675347
0.0
0.0
0.0
0.0
0.0
0.0
0.0
0.0
0.0
0.0
0.0
0.0
0.0
0.0
0.0
0.0
0.03561327
0.0
0.0
0.0
0.0
0.0
0.0
0.0
0.04517956
0.0
0.0
0.0
0.050755143
0.039509803
0.07423851
0.0
0.0
0.0
0.0
0.0
0.0
0.0
0.056251753
0.0
0.0
0.0
0.0
0.034997433
0.06587551
0.044848807
0.016881047
0.0
0.0
0.0
0.0
0.037292257
0.0
0.0
0.0
0.0
0.10980377
0.0
0.07011691
0.04717224
0.019625494
0.049113423
0.042912498
0.0
0.0
0.017782923
0.086196244
0.027716488
0.0
0.0
0.042042855
0.0
0.0
0.0
0.095731415
0.025987795
0.067418694
0.034541238
0.0
0.05203017
0.036240578
0.019501923
0.0
0.0
0.0
0.0
0.124131896
0.108579434
0.056409355
0.023374248
0.041797586
0.0
0.0629256
0.0
0.0
0.0
0.027926438
0.0
0.0
0.0
0.0
0.045227606
0.0
0.0
0.026274933
0.037197426
0.0
0.06501215
0.0
0.07856143
0.08402421
0.0
0.0
0.017394459
0.0
0.0
0.0
0.0
0.0
0.06132022
0.0
0.0
0.0
0.0
0.0
0.0
0.0
0.017910937
0.0
0.025005283
0.03976442
0.048097856
0.0
0.0
0.047892205
0.03881467
0.0
0.05385531
0.044865064
0.0
0.0
0.0
0.0
0.05847247
0.0
0.0
0.0
0.0367826
0.0
0.05406409
0.09608864
0.0
0.0
0.0
0.024624784
0.0
0.0
0.0
0.0
0.0
0.06162771
0.0
0.0
0.062387165
0.0
0.0
0.061396614
0.03511521
0.0
0.03975252
0.0
0.034342512
0.0
0.028474895
0.0
0.0
0.0
0.0
0.0
0.0
0.018802185
0.0
0.0
0.0
0.0
0.0
0.054644413
0.053397413
0.032265514
0.08507581
0.0
0.030442378
0.0
0.0
0.0
0.0
0.04136617
0.0
0.0
0.0
0.0
0.0
0.027637893
0.06592578
0.0
0.08063888
0.0
0.0
0.0
0.0
0.093991235
0.052268177
0.0
0.08230637
0.0
0.04609342
0.0
0.0968273
0.0
0.0
0.0
0.044615306
0.069864914
0.028485693
0.0
0.069724314
0.03046352
0.13362736
0.0
0.070600025
0.0
0.095274225
0.056543883
0.0
0.0
0.06847586
0.0
0.08326574
0.0
0.061328523
0.04750948
0.0
0.046543512
0.10446059
0.0
0.0
0.0
0.029315071
0.0
0.0
0.08007984
0.0
0.0
0.0
0.0
0.0
0.0
0.109712556
0.044508446
0.0
0.0
0.0
0.09939124
0.0
0.09926422
0.08837871
0.061568625
0.046853703
0.11592684
0.0
0.0
0.0
0.0
0.033493895
0.0
0.0
0.0
0.0
0.0
0.052864786
0.12256546
0.0
0.13008314
0.0
0.0
0.06255852
0.0
0.0
0.06580574
0.0
0.060169376
0.0
0.0
0.03074914
0.0
0.0
0.0
0.0
0.0
0.06707277
0.0
0.052345682
0.0
0.049860206
0.0
0.0234792
0.03160145
0.0
0.069175474
0.032314792
0.0
0.0
0.0
0.0
0.07903045
0.0
0.0
0.0
0.10343996
0.0
0.047273908
0.07486764
0.0
0.04569371
0.0
0.0
0.026014483
0.0
0.0
0.0
0.0
0.0
0.03039773
0.0
0.05085385
0.0
0.0
0.0
0.0
0.0
0.0
0.0
0.100258045
0.0
0.0
0.0
0.0
0.0
0.07090987
0.0
0.0
0.0
0.0
0.0
0.0
0.0
0.0
0.0
0.046354525
0.0
0.03809069
0.04409415
0.0
0.0
0.0
0.0
0.04403078
0.0
0.10067531
0.0
0.0
0.049159534
0.045370974
0.0
0.0
0.0
0.0
0.0
0.0
0.0
0.13435195
0.0
0.0
0.0
0.0
0.0
0.0
0.0
0.0
0.0
0.06800539
0.0
0.026231103
0.0
0.054728206
0.0
0.0
0.0
0.0
0.0
0.0
0.0
0.0
0.0
0.0
0.0
0.0
0.0
0.0
0.10375721
0.0
0.0
0.0
0.0
0.0
0.0
0.0
0.0
0.0
0.0
0.0
0.0
0.0
0.0
0.0
0.0
0.0
0.0
0.0
0.0
0.0
0.0
0.0
0.032211717
0.0
0.0
0.02685338
0.061549503
0.0
0.0
0.0
0.0
0.0
0.0
0.0
0.0
0.0
0.0
0.07767993
0.049451623
0.04942715
0.0
0.0
0.104681484
0.0
0.0
0.0
0.0
0.0
0.0
0.0
0.0
0.0
0.0
0.0
0.06280318
0.0
0.0
0.0
0.0
0.0
0.0
0.0
0.0
0.0
0.0
0.07867467
0.0217867
0.0
0.07359484
0.0
0.056749012
0.0
0.0
0.0
0.0
0.0
0.0
0.0
0.030099051
0.0
0.0
0.025897436
0.04538464
0.0
0.123544246
0.0
0.0
0.0
0.0
0.0
0.0
0.0
0.0
0.07132131
0.0
0.0
0.08119678
0.13974945
0.0
0.05672853
0.0
0.0
0.0
0.0
0.0
0.0
0.0
0.050677888
0.059668362
0.0
0.07641951
0.0
0.0
0.0
0.0
0.0
0.0
0.0
0.0
0.0
0.0
0.054302216
0.04038356
0.0
0.0
0.046834618
0.0
0.0
0.0
0.037132803
0.0
0.12037447
0.0
0.0
0.0
0.04447389
0.0
0.0
0.0
0.037144262
0.032313976
0.07675285
0.0
0.0
0.03762055
0.06838047
0.0
0.037850596
0.0
0.04365689
0.0
0.072895214
0.0
0.033107422
0.0
0.041321576
0.033960827
0.0
0.0
0.0
0.0
0.0
0.0
0.0
0.047720924
0.0
0.0
0.0
0.089324795
0.0
0.0
0.051370453
0.0
0.048052516
0.0
0.0
0.04746671
0.12248707
0.0
0.0
0.0
0.0
0.07934156
0.032439657
0.0
0.0
0.049679365
0.0
0.0
0.05570038
0.06975006
0.05741114
0.029313207
0.0
0.0
0.0
0.055657145
0.0
0.04943753
0.08454924
0.0
0.0
0.0
0.053603493
0.040843245
0.0
0.0
0.038603146
0.0
0.0
0.03455803
0.025898185
0.0
0.0
0.0
0.0
0.0
0.0
0.0
0.036475375
0.0
0.0
0.0
0.0
0.0
0.0
0.0
0.0
0.0
0.0
0.0
0.0
0.0
0.0
0.0
0.0
0.0
0.0
0.0
0.0
0.0
0.0
0.0
0.0
0.0
0.0
0.0
0.0
0.0
0.0
0.0
0.0
0.0
0.0
0.098481216
0.13317406
0.0
0.0
0.0
0.0
0.0
0.0
0.0
0.0
0.0
0.0
0.0
0.0
0.09787608
0.0
0.0
0.0
0.06481712
0.0
0.0
0.0
0.0
0.0
0.0
0.0
0.0
0.0
0.04266426
0.0
0.0451052
0.0
0.0
0.0
0.060307004
0.0
0.0
0.0
0.0
0.0
0.0
0.0
0.0
0.0
0.0
0.0
0.11194733
0.0
0.07914779
0.0
0.09383754
0.0
0.0
0.0
0.0
0.0
0.0
0.0
0.0
0.0
0.07582299
0.08605241
0.102759175
0.0
0.043044694
0.0
0.09718642
0.0
0.0
0.0
0.0
0.0
0.0
0.0
0.0
0.0
0.0
0.08021117
0.0
0.0
0.0
0.0
0.0
0.0
0.0
0.0
0.059066158
0.0
0.0
0.0
0.11019958
0.0
0.0
0.0
0.0
0.0
0.0
0.0
0.0
0.0
0.0
0.0
0.017314227
0.0
0.0
0.0
0.0
0.0
0.0
0.0
0.0
0.0
0.043689087
0.0
0.0
0.0
0.0
0.047411155
0.0
0.0
0.0
0.0
0.0
0.0
0.0
0.0
0.0
0.0
0.0
0.0
0.0
0.0
0.0
0.0
0.0
0.0
0.021629421
0.0
0.0
0.057217292
0.0
0.0
0.0
0.07743511
0.049908273
0.0
0.0
0.10936736
0.0
0.0
0.0
0.0
0.0
0.0
0.0
0.0
0.0
0.0
0.0
0.04260748
0.0
0.0
0.0
0.07150183
0.0
0.0
0.109629914
0.0
0.052199665
0.0
0.0
0.0
0.0
0.0662872
0.0
0.0
0.062782384
0.052957535
0.0
0.0
0.05129953
0.0
0.0
0.0
0.0
0.0
0.0
0.0
0.0
0.0
0.059688643
0.0
0.0
0.0
0.0
0.0
0.06974132
0.0
0.0
0.025241615
0.0
0.04043622
0.08652581
0.04141869
0.03458122
0.03832964
0.0
0.0
0.0
0.0
0.0
0.04833663
0.0
0.0
0.0
0.0
0.0
0.0
0.04086535
0.0
0.0
0.114418216
0.0
0.036160834
0.0
0.0
0.0
0.12459907
0.0
0.033653278
0.0
0.0
0.06343716
0.0
0.0
0.0
0.0
0.044602085
0.0
0.14239228
0.0
0.0
0.0
0.0
0.0
0.03911345
0.0
0.0
0.07889547
0.0
0.045659885
0.023176441
0.0
0.03902262
0.047230203
0.0
0.0
0.0
0.0
0.05235537
0.0
0.080931254
0.04990003
0.0
0.0
0.028940061
0.06649509
0.0
0.0
0.079756044
0.044605996
0.048696723
0.0
0.050607234
0.0
0.05134955
0.0
0.0
0.05261429
0.0
0.0
0.0
0.0
0.02780712
0.0
0.0
0.040363755
0.07689063
0.0
0.04098041
0.0
0.03647033
0.0
0.04745464
0.0
0.06253773
0.05569489
0.0
0.0
0.0
0.053052116
0.04772334
0.0
0.09157236
0.0
0.0
0.03332431
0.0
0.0
0.0
0.0
0.0
0.0
0.085662805
0.045224287
0.042863082
0.0
0.09390694
0.0
0.0
0.0
0.0
0.0
0.0
0.024064934
0.0
0.0
0.07057267
0.0
0.0
0.098854356
0.091740124
0.06858854
0.12576298
0.03758079
0.0
0.0
0.0
0.0
0.038256563
0.042585958
0.0
0.04495254
0.066615574
0.0
0.0
0.0
0.0
0.0
0.0
0.0
0.0
0.0
0.04407475
0.046049125
0.0
0.0
0.0
0.0
0.06631922
0.0
0.0
0.033439334
0.0
0.0
0.0
0.0
0.0
0.0
0.0
0.040064465
0.05999644
0.026261088
0.0
0.023803629
0.0
0.0
0.0
0.07287851
0.047727674
0.047116905
0.0
0.0
0.0
0.0
0.10441013
0.06513378
0.099842675
0.08615575
0.0
0.068312384
0.025005415
0.05725234
0.054295253
0.0
0.0
0.119025275
0.0828623
0.0
0.02879841
0.0
0.053729035
0.0
0.0
0.097800985
0.0
0.0
0.0
0.0
0.0
0.0
0.07759792
0.0
0.0
0.0
0.046763048
0.041019782
0.0
0.052640557
0.08789065
0.0
0.083095215
0.0
0.0
0.0
0.0
0.0
0.07956581
0.096274
0.12017952
0.07793656
0.1267486
0.062026743
0.04662979
0.09826841
0.0
0.0
0.055608608
0.0
0.0
0.06762191
0.0
0.11131968
0.069739275
0.0
0.0
0.072134726
0.0
0.0
0.050558865
0.0
0.09912806
0.0
0.0
0.0
0.09522152
0.2625309
0.0
0.0
0.0
0.049287457
0.06241312
0.04840499
0.12209555
0.02625772
0.0
0.0
0.057596806
0.0
0.052075863
0.0
0.0
0.0
0.051977858
0.06082977
0.0
0.0
0.0
0.0
0.069566734
0.0
0.0
0.14523518
0.07149773
0.0
0.0
0.0
0.0
0.13257459
0.0
0.0
0.0
0.0
0.0
0.05098225
0.0
0.0
0.09240099
0.0
0.0
0.0
0.0
0.11072587
0.0
0.0
0.0
0.061766785
0.0
0.06557874
0.0
0.0933761
0.040752366
0.09756251
0.0
0.09427828
0.0
0.043019403
0.072178215
0.0
0.0
0.05582155
0.0
0.068417475
0.0
0.0
0.0
0.0
0.09468728
0.0
0.0
0.06944045
0.033400007
0.0
0.1422727
0.0
0.21216846
0.0
0.0
0.0
0.03917525
0.0
0.03628799
0.0
0.05685953
0.11226357
0.10285428
0.0
0.0
0.0
0.0
0.0
0.0
0.0
0.059310846
0.0
0.038739175
0.0
0.045060273
0.058477722
0.0
0.03827414
0.0
0.0
0.054224998
0.092716776
0.06707187
0.060043328
0.0
0.0
0.0
0.05695925
0.0
0.036692206
0.0
0.05888643
0.05613207
0.0
0.0
0.0
0.043848224
0.17936583
0.0
0.05012526
0.032123152
0.0
0.053403933
0.07404584
0.0
0.0
0.0
0.21467327
0.06841101
0.058688287
0.0
0.0
0.0
0.0
0.056385268
0.042144507
0.044790275
0.033590503
0.0
0.05237241
0.048909273
0.0
0.0
0.045269817
0.035154495
0.058375932
0.0
0.0
0.050707355
0.03969088
0.0
0.058166347
0.0
0.039747845
0.10434063
0.033417556
0.034206275
0.0
0.0
0.0
0.06502107
0.09779151
0.043824594
0.0
0.0
0.0
0.03429872
0.031593494
0.034028605
0.0
0.0
0.0691629
0.0
0.05249785
0.08403531
0.13726625
0.073868774
0.030883988
0.030528678
0.083743
0.08770655
0.0
0.0
0.048560984
0.12814052
0.13425037
0.12652804
0.110684946
0.042512774
0.023212852
0.051120196
0.0
0.0
0.0
0.0
0.0
0.056717366
0.0
0.051302318
0.041349016
0.0
0.0
0.05747225
0.0
0.0
0.0
0.060853772
0.039406374
0.0
0.047253996
0.058405623
0.12745395
0.041685347
0.06546935
0.0
0.1188315
0.03297927
0.03450345
0.0
0.024543433
0.07704252
0.038316112
0.0
0.041478775
0.09425011
0.0
0.055871088
0.080037564
0.0
0.11335042
0.0
0.0
0.0
0.0
0.17101528
0.064833365
0.0
0.055294916
0.056078393
0.0
0.04487686
0.0
0.08032398
0.060518097
0.0
0.0
0.0
0.0
0.0
0.06345283
0.0
0.0
0.0
0.0
0.0
0.0
0.0
0.0
0.0
0.0
0.0
0.0
0.096962124
0.0
0.0
0.0
0.0
0.0
0.0
0.0
0.0
0.0
0.0
0.051484875
0.0
0.0
0.0
0.0
0.094878666
0.0
0.0
0.0
0.0
0.0
0.0639468
0.0
0.0
0.0
0.0
0.09455879
0.054059945
0.0
0.0
0.0
0.0
0.026696581
0.0
0.0
0.0
0.0
0.0
0.05221305
0.0
0.0
0.0
0.0421291
0.07231552
0.05903952
0.0
0.0
0.0
0.0
0.0
0.0
0.07254684
0.0
0.0
0.0
0.0
0.0
0.0
0.19620094
0.0
0.038399424
0.03891915
0.0
0.0
0.0
0.0
0.0
0.02681425
0.0
0.06187206
0.0
0.0
0.0
0.0
0.0
0.0
0.0
0.0
0.034225535
0.18748409
0.0
0.0
0.0
0.075867794
0.09920459
0.0
0.02863623
0.0
0.0
0.0
0.0
0.0
0.0
0.0
0.0
0.0
0.076092415
0.0
0.116539545
0.04648262
0.09368085
0.047891315
0.0
0.045718618
0.0
0.0
0.0
0.0
0.0
0.0
0.0
0.0
0.051694892
0.0
0.0
0.081420556
0.0
0.0
0.041986004
0.0
0.0
0.0
0.0
0.0
0.0
0.0
0.0
0.0
0.0
0.0
0.0
0.0
0.038631614
0.09915417
0.041406035
0.0
0.0
0.0
0.0
0.0
0.0
0.0
0.0
0.0
0.0
0.0
0.0
0.0
0.0
0.0
0.0
0.0
0.0
0.0
0.0
0.0
0.14856674
0.0
0.0
0.0
0.0
0.050108314
0.042476956
0.0
0.0
0.0
0.0
0.0
0.0
0.0
0.0
0.057872817
0.03955417
0.0
0.04542233
0.0
0.0
0.0
0.0
0.0
0.0
0.0
0.0
0.0
0.05789889
0.0
0.032680824
0.03347366
0.042951845
0.03234394
0.04976483
0.0
0.0
0.0
0.0
0.07755762
0.0
0.0
0.0
0.0
0.0
0.0
0.061765306
0.14093387
0.0
0.0
0.047857285
0.0
0.0
0.0
0.0
0.0
0.0
0.0
0.0
0.0
0.0
0.0
0.0
0.0
0.10715231
0.04687441
0.0
0.0
0.0
0.0
0.0
0.0
0.0
0.0
0.12694201
0.0
0.056899283
0.0
0.0
0.0
0.0
0.0
0.0
0.0
0.07808163
0.041559767
0.0
0.0
0.0
0.096651435
0.0
0.0
0.0
0.0
0.024066271
0.0
0.0
0.0
0.0
0.0
0.0
0.0
0.0
0.0
0.0
0.03934661
0.08220666
0.0
0.0
0.07474071
0.0
0.0
0.0
0.0
0.0
0.15003905
0.0
0.0
0.09133276
0.0
0.0
0.0
0.043601826
0.0
0.037863646
0.109273575
0.021737875
0.13821334
0.15327144
0.0
0.08277074
0.0
0.0
0.0142402565
0.0
0.0
0.09171439
0.0
0.0
0.0
0.11038384
0.07670217
0.0
0.0
0.08346037
0.04585602
0.0
0.09544529
0.0
0.07142515
0.0
0.0
0.0
0.024544187
0.0
0.050297167
0.0
0.0
0.0
0.04819272
0.065598294
0.0
0.0
0.0
0.0
0.0
0.0
0.0
0.04189079
0.0
0.0608418
0.0
0.12562759
0.09460338
0.050925978
0.0
0.0
0.0
0.0
0.0
0.0
0.05116078
0.0
0.0
0.0
0.0
0.0
0.0
0.021066528
0.0
0.037417613
0.0
0.0
0.0
0.060015965
0.0
0.0
0.061772745
0.0
0.04015969
0.0
0.0
0.037940543
0.0
0.0
0.0
0.04872077
0.0
0.0
0.0
0.0
0.0
0.0
0.03859848
